0.0 26.63
0.018802404403686523 26.54
0.0448000431060791 26.49
0.06332755088806152 26.46
0.08927106857299805 26.36
0.10832691192626953 26.31
0.1305544376373291 26.25
0.1563854217529297 26.14
0.17590761184692383 26.11
0.19818878173828125 26.04
0.22073817253112793 25.97
0.2440493106842041 25.93
0.26615166664123535 25.86
0.28864312171936035 25.82
0.31116223335266113 25.79
0.3326876163482666 25.72
0.3539576530456543 25.69
0.376331090927124 25.61
0.39914560317993164 25.57
0.42220234870910645 25.52
0.44504666328430176 25.49
0.4678065776824951 25.45
0.4898202419281006 25.43
0.5107951164245605 25.36
0.5332460403442383 25.32
0.5561439990997314 25.31
0.579108476638794 25.27
0.6016113758087158 25.26
0.6241869926452637 25.2
0.6464443206787109 25.14
0.669102668762207 25.14
0.6909792423248291 25.09
0.713484525680542 25.03
0.7362618446350098 25.03
0.7572691440582275 24.97
0.7791955471038818 24.93
0.8014228343963623 24.92
0.8241569995880127 24.89
0.8467254638671875 24.89
0.8704953193664551 24.82
0.8927211761474609 24.79
0.9131608009338379 24.79
0.9354681968688965 24.79
0.9590244293212891 24.77
0.9817380905151367 24.86
1.0030193328857422 25.32
1.0248055458068848 25.91
1.0479273796081543 26.39
1.070246934890747 27.16
1.0936589241027832 27.71
1.1164882183074951 28.56
1.1388437747955322 29.45
1.1611411571502686 30.04
1.1860949993133545 30.93
1.2058358192443848 31.85
1.228386402130127 32.43
1.2505090236663818 33.32
1.272550344467163 34.24
1.29392671585083 34.83
1.317373275756836 35.7
1.338402509689331 36.29
1.361299991607666 37.16
1.3842995166778564 38.01
1.4072606563568115 38.58
1.428241491317749 39.45
1.4508070945739746 40.3
1.4733734130859375 40.84
1.4962258338928223 41.68
1.5196807384490967 42.17
1.5413932800292969 42.99
1.5637798309326172 43.73
1.5859389305114746 44.23
1.6073236465454102 44.97
1.6294405460357666 45.69
1.6518874168395996 46.18
1.674246072769165 46.84
1.6979100704193115 47.51
1.7202558517456055 47.93
1.7420878410339355 48.56
1.7648770809173584 48.97
1.7870934009552002 49.56
1.8097288608551025 50.12
1.83164644241333 50.48
1.8544256687164307 51.0
1.8764374256134033 51.56
1.9015696048736572 51.91
1.9212589263916016 52.42
1.9440646171569824 52.77
1.9665124416351318 53.27
1.9882245063781738 53.73
2.0094401836395264 54.03
2.0319931507110596 54.47
2.054586172103882 54.94
2.077934980392456 55.22
2.1005759239196777 55.67
2.123051404953003 56.1
2.145138740539551 56.35
2.167569398880005 56.77
2.1895666122436523 57.03
2.2109251022338867 57.46
2.2327044010162354 57.81
2.2556521892547607 58.07
2.278163194656372 58.48
2.30175518989563 58.88
2.323809862136841 59.1
2.3465065956115723 59.48
2.368818759918213 59.69
2.390791893005371 60.04
2.4137258529663086 60.38
2.436338424682617 60.62
2.459832191467285 60.93
2.4790966510772705 61.24
2.501814365386963 61.46
2.524355173110962 61.74
2.547255516052246 61.95
2.5701711177825928 62.23
2.5928730964660645 62.5
2.614605665206909 62.7
2.636707305908203 62.96
2.6596925258636475 63.21
2.681941270828247 63.38
2.7045252323150635 63.65
2.726288318634033 63.79
2.749091148376465 64.03
2.771879196166992 64.25
2.7937726974487305 64.38
2.816075325012207 64.62
2.838472366333008 64.82
2.8608529567718506 64.94
2.885169506072998 65.15
2.9044301509857178 65.28
2.9267377853393555 65.49
2.9496231079101562 65.67
2.9723970890045166 65.79
2.995068311691284 65.97
3.0176072120666504 66.16
3.039365530014038 66.28
3.0622010231018066 66.46
3.0846426486968994 66.54
3.106827735900879 66.72
3.1290459632873535 66.87
3.1516315937042236 66.96
3.1741087436676025 67.12
3.1959798336029053 67.29
3.218745470046997 67.35
3.241157054901123 67.53
3.2631077766418457 67.59
3.2853853702545166 67.72
3.3080787658691406 67.86
3.3294711112976074 67.94
3.3515377044677734 68.09
3.3744049072265625 68.23
3.398037910461426 68.33
3.420137643814087 68.44
3.4420151710510254 68.52
3.4646990299224854 68.67
3.487213134765625 68.78
3.509218215942383 68.88
3.53139591217041 69.01
3.554356098175049 69.13
3.5766022205352783 69.2
3.5989482402801514 69.29
3.620826244354248 69.38
3.6437442302703857 69.48
3.666060447692871 69.57
3.6878819465637207 69.63
3.710954427719116 69.73
3.732046365737915 69.8
3.754484176635742 69.84
3.7765464782714844 69.89
3.8004188537597656 69.92
3.8222885131835938 69.98
3.845292568206787 70.01
3.8660402297973633 70.06
3.888282299041748 70.1
3.910752534866333 70.07
3.9326329231262207 70.07
3.956376552581787 70.07
3.9792730808258057 70.04
4.001525640487671 70.07
4.023616790771484 70.04
4.0464301109313965 70.02
4.0685505867004395 69.98
4.0905702114105225 69.95
4.112973690032959 69.92
4.141172170639038 69.89
4.156861066818237 69.86
4.178526163101196 69.85
4.201330900192261 69.79
4.223914861679077 69.77
4.246862173080444 69.7
4.269140005111694 69.68
4.292314052581787 69.62
4.314229488372803 69.59
4.336505889892578 69.56
4.3594725131988525 69.5
4.381814956665039 69.44
4.404273509979248 69.43
4.426424980163574 69.36
4.448958158493042 69.32
4.470982789993286 69.26
4.493949890136719 69.25
4.5156378746032715 69.2
4.538437366485596 69.15
4.5608837604522705 69.12
4.585521459579468 69.1
4.604017019271851 69.06
4.626135349273682 69.01
4.648910760879517 69.0
4.6712658405303955 68.96
4.694963693618774 68.92
4.717339754104614 68.87
4.739393711090088 68.84
4.76209831237793 68.8
4.783865928649902 68.79
4.806818008422852 68.76
4.828962326049805 68.73
4.85152268409729 68.68
4.873795509338379 68.65
4.896451473236084 68.63
4.9184911251068115 68.59
4.940807104110718 68.56
4.961838960647583 68.53
4.9837095737457275 68.51
5.006717205047607 68.51
5.0295867919921875 68.47
5.052265644073486 68.45
5.0738232135772705 68.43
5.09600830078125 68.4
5.118406295776367 68.41
5.140838623046875 68.38
5.162492036819458 68.34
5.1854774951934814 68.31
5.207893133163452 68.3
5.231300592422485 68.33
5.253580570220947 68.41
5.275630950927734 68.49
5.298428058624268 68.57
5.320693731307983 68.7
5.343500375747681 68.76
5.3657708168029785 68.88
5.387879848480225 69.04
5.410600662231445 69.14
5.432774305343628 69.28
5.454070329666138 69.41
5.475916385650635 69.53
5.498815059661865 69.66
5.521307468414307 69.76
5.543280124664307 69.89
5.567025184631348 70.04
5.590066909790039 70.12
5.611889362335205 70.25
5.6336424350738525 70.38
5.656670808792114 70.47
5.678893089294434 70.62
5.701166868209839 70.71
5.723368167877197 70.83
5.745530366897583 70.98
5.768490314483643 71.06
5.790667772293091 71.18
5.813199043273926 71.31
5.835679292678833 71.41
5.857909917831421 71.52
5.87977409362793 71.58
5.904192686080933 71.7
5.926055192947388 71.8
5.945813179016113 71.87
5.967833757400513 71.97
5.9907546043396 72.08
6.013202428817749 72.14
6.036434650421143 72.21
6.058965444564819 72.3
6.081671237945557 72.38
6.104136228561401 72.48
6.125838994979858 72.53
6.148701906204224 72.62
6.169371128082275 72.69
6.1921868324279785 72.78
6.214484930038452 72.87
6.238087892532349 72.89
6.260480642318726 72.98
6.282391786575317 73.06
6.305233001708984 73.08
6.327533483505249 73.15
6.348721265792847 73.21
6.370398044586182 73.26
6.393272161483765 73.33
6.415991544723511 73.36
6.439851999282837 73.44
6.46194314956665 73.48
6.484215259552002 73.51
6.505995988845825 73.56
6.528233051300049 73.59
6.551235198974609 73.61
6.573458671569824 73.64
6.596240282058716 73.65
6.617919206619263 73.65
6.640679836273193 73.62
6.66258692741394 73.58
6.683761358261108 73.53
6.705851316452026 73.48
6.728266716003418 73.44
6.751109838485718 73.39
6.7732908725738525 73.35
6.796830892562866 73.31
6.819408416748047 73.28
6.842163801193237 73.24
6.863783836364746 73.18
6.886680603027344 73.12
6.909171104431152 73.08
6.9309093952178955 73.01
6.95376443862915 72.96
6.976283311843872 72.89
6.99841046333313 72.84
7.0202929973602295 72.76
7.0428080558776855 72.7
7.065609693527222 72.63
7.086200714111328 72.55
7.112792491912842 72.46
7.13143253326416 72.4
7.153335809707642 72.31
7.175564765930176 72.26
7.198488712310791 72.17
7.2215576171875 72.08
7.244542121887207 72.04
7.266391038894653 71.99
7.289445877075195 71.93
7.311760425567627 71.91
7.3337061405181885 71.83
7.356534242630005 71.77
7.379272222518921 71.72
7.401233911514282 71.66
7.422920227050781 71.63
7.445908069610596 71.6
7.468178987503052 71.53
7.490289211273193 71.51
7.513006210327148 71.48
7.535393476486206 71.43
7.557728052139282 71.41
7.579320192337036 71.4
7.600959777832031 71.36
7.623400449752808 71.34
7.645678281784058 71.32
7.668578386306763 71.29
7.691890716552734 71.27
7.714196681976318 71.25
7.736713647842407 71.27
7.758991956710815 71.24
7.781386137008667 71.22
7.803619146347046 71.22
7.825560808181763 71.19
7.848332405090332 71.18
7.870776891708374 71.19
7.893424987792969 71.16
7.915375471115112 71.17
7.938071012496948 71.16
7.9603540897369385 71.15
7.982222318649292 71.11
8.004860639572144 71.11
8.025914430618286 71.1
8.048254013061523 71.05
8.070303916931152 71.04
8.093552827835083 71.01
8.116916179656982 70.95
8.139020442962646 70.92
8.161535263061523 70.89
8.184134244918823 70.9
8.206402778625488 70.94
8.228067636489868 71.03
8.250536441802979 71.07
8.273475885391235 71.16
8.29566502571106 71.25
8.317884922027588 71.3
8.34053373336792 71.42
8.36290693283081 71.47
8.384969711303711 71.59
8.407124757766724 71.7
8.427819967269897 71.77
8.451820850372314 71.88
8.472870349884033 71.94
8.495282173156738 72.07
8.51787257194519 72.17
8.541568756103516 72.25
8.563988208770752 72.35
8.586595058441162 72.47
8.608821630477905 72.55
8.631311416625977 72.65
8.654090404510498 72.72
8.676002740859985 72.82
8.698486566543579 72.92
8.720184803009033 72.97
8.743184804916382 73.06
8.765292644500732 73.17
8.788133144378662 73.22
8.809879779815674 73.31
8.832507133483887 73.4
8.8534255027771 73.48
8.8752601146698 73.58
8.898352861404419 73.63
8.921016454696655 73.7
8.944544315338135 73.79
8.96630334854126 73.85
8.990762948989868 73.93
9.011013507843018 73.99
9.033180236816406 74.05
9.055113554000854 74.14
9.078679084777832 74.2
9.100991487503052 74.27
9.122698068618774 74.32
9.145786046981812 74.4
9.167870998382568 74.46
9.19042181968689 74.5
9.212298393249512 74.55
9.235149383544922 74.62
9.256190299987793 74.67
9.278170585632324 74.72
9.301069498062134 74.78
9.324683666229248 74.84
9.346956491470337 74.88
9.368820667266846 74.91
9.391744136810303 75.0
9.413993120193481 75.05
9.43668508529663 75.09
9.458346128463745 75.14
9.479542016983032 75.2
9.502174377441406 75.26
9.524113178253174 75.29
9.547474384307861 75.33
9.570818662643433 75.4
9.592919111251831 75.42
9.615148544311523 75.46
9.637763738632202 75.51
9.65981936454773 75.55
9.680934190750122 75.6
9.703106164932251 75.65
9.726297378540039 75.64
9.749342203140259 75.68
9.771563053131104 75.72
9.794186115264893 75.75
9.816668033599854 75.78
9.839086771011353 75.8
9.861000537872314 75.81
9.883804321289062 75.83
9.905621528625488 75.86
9.927916526794434 75.88
9.951099157333374 75.91
9.970929622650146 75.94
9.995278120040894 75.96
10.015949249267578 75.97
10.041874885559082 75.99
10.06104063987732 75.99
10.082940340042114 76.02
10.106148481369019 76.04
10.127650260925293 76.03
10.150338411331177 76.09
10.174129247665405 76.06
10.197047233581543 76.09
10.219285488128662 76.12
10.241828680038452 76.14
10.262978076934814 76.16
10.28531527519226 76.2
10.307949781417847 76.19
10.331328392028809 76.19
10.353427410125732 76.2
10.375419855117798 76.21
10.398226737976074 76.24
10.419991493225098 76.25
10.442883253097534 76.28
10.46536898612976 76.26
10.49152135848999 76.29
10.508305549621582 76.3
10.5305814743042 76.27
10.553213357925415 76.27
10.575172185897827 76.26
10.599680662155151 76.26
10.621960163116455 76.25
10.644074201583862 76.24
10.66610860824585 76.21
10.688894033432007 76.21
10.711436033248901 76.18
10.733680963516235 76.17
10.756021499633789 76.16
10.778701782226562 76.15
10.800708293914795 76.12
10.822625398635864 76.09
10.845530271530151 76.06
10.867946863174438 76.01
10.890278816223145 75.97
10.912051439285278 75.93
10.933848857879639 75.86
10.956647872924805 75.79
10.979633092880249 75.73
11.002164840698242 75.69
11.024371862411499 75.6
11.046894311904907 75.57
11.06861925125122 75.49
11.09168267250061 75.41
11.114320278167725 75.36
11.135035037994385 75.26
11.156538963317871 75.15
11.182876825332642 75.09
11.203126907348633 75.0
11.225264072418213 74.93
11.24670147895813 74.86
11.26957893371582 74.75
11.291784524917603 74.71
11.314758062362671 74.64
11.336505651473999 74.57
11.358278512954712 74.52
11.381875038146973 74.48
11.404404401779175 74.43
11.427192211151123 74.36
11.449612140655518 74.28
11.471237421035767 74.25
11.494269132614136 74.19
11.516048669815063 74.14
11.5388822555542 74.08
11.560971975326538 73.99
11.583824634552002 73.94
11.605995416641235 73.92
11.628363370895386 73.84
11.650710582733154 73.83
11.672670602798462 73.79
11.695614099502563 73.73
11.717906713485718 73.73
11.739222049713135 73.67
11.761879205703735 73.63
11.784675359725952 73.59
11.807175636291504 73.56
11.829320669174194 73.53
11.852142333984375 73.5
11.873912572860718 73.47
11.89676284790039 73.38
11.919287204742432 73.25
11.94152045249939 73.15
11.9632887840271 73.03
11.98615574836731 72.9
12.008605003356934 72.76
12.030863285064697 72.57
12.053161382675171 72.46
12.075949907302856 72.29
12.098037242889404 72.15
12.119888067245483 72.04
12.14492130279541 71.92
12.163848400115967 71.8
12.186068058013916 71.64
12.208079814910889 71.5
12.231636047363281 71.38
12.25468921661377 71.22
12.27705979347229 71.08
12.299530029296875 71.01
12.321504354476929 70.85
12.344255924224854 70.76
12.366374254226685 70.64
12.388996839523315 70.5
12.41124939918518 70.4
12.433784246444702 70.28
12.455790758132935 70.16
12.477855443954468 70.12
12.500775814056396 70.0
12.522462129592896 69.92
12.545454502105713 69.81
12.567201137542725 69.7
12.588739395141602 69.67
12.610610485076904 69.56
12.632897138595581 69.45
12.656845092773438 69.4
12.679878234863281 69.31
12.70189356803894 69.26
12.72439193725586 69.18
12.746722221374512 69.1
12.768555402755737 69.02
12.791213989257812 68.97
12.81381893157959 68.86
12.836283445358276 68.81
12.858001232147217 68.72
12.880891561508179 68.67
12.903321266174316 68.61
12.925568580627441 68.52
12.947688817977905 68.47
12.970417737960815 68.39
12.992540121078491 68.32
13.013270378112793 68.3
13.036043882369995 68.22
13.058557271957397 68.19
13.0819571018219 68.14
13.104102373123169 68.05
13.12698221206665 68.02
13.149487733840942 67.95
13.171081781387329 67.89
13.193579912185669 67.87
13.216496229171753 67.83
13.238614320755005 67.78
13.26050877571106 67.76
13.282993793487549 67.69
13.305047750473022 67.63
13.32822036743164 67.58
13.350080490112305 67.53
13.372856378555298 67.52
13.395221948623657 67.46
13.419294357299805 67.42
13.440774202346802 67.39
13.460370063781738 67.33
13.482864379882812 67.27
13.505165100097656 67.23
13.52795124053955 67.2
13.550885677337646 67.18
13.57395052909851 67.12
13.596647262573242 67.08
13.618825674057007 67.05
13.641399621963501 67.02
13.663470268249512 66.94
13.686081409454346 66.91
13.708214521408081 66.87
13.730853080749512 66.82
13.752685785293579 66.8
13.775550365447998 66.73
13.797813177108765 66.7
13.819620847702026 66.66
13.842087984085083 66.62
13.864460229873657 66.59
13.886581897735596 66.57
13.908169031143188 66.48
13.93118929862976 66.46
13.95449185371399 66.41
13.977280378341675 66.37
13.998569965362549 66.33
14.021602153778076 66.26
14.043905019760132 66.25
14.067790031433105 66.2
14.08864164352417 66.16
14.111159086227417 66.1
14.133350372314453 66.03
14.155146598815918 66.0
14.177943229675293 65.97
14.199994564056396 65.89
14.22250509262085 65.87
14.244964599609375 65.83
14.269047737121582 65.77
14.28859829902649 65.74
14.310503482818604 65.69
14.333630561828613 65.64
14.35660982131958 65.6
14.379538297653198 65.56
14.401704549789429 65.5
14.423940420150757 65.46
14.44660496711731 65.4
14.468782663345337 65.38
14.49076795578003 65.29
14.513452768325806 65.22
14.535959243774414 65.18
14.558736801147461 65.13
14.57938838005066 65.09
14.601786136627197 65.04
14.624718189239502 64.98
14.64759612083435 64.92
14.669756889343262 64.85
14.691563844680786 64.78
14.71288514137268 64.73
14.735907316207886 64.66
14.75891637802124 64.58
14.781856298446655 64.54
14.80386471748352 64.44
14.826832056045532 64.4
14.848986625671387 64.32
14.871071100234985 64.25
14.894437074661255 64.2
14.916150331497192 64.12
14.93846607208252 64.03
14.96024203300476 63.97
14.98317003250122 63.92
15.005296468734741 63.86
15.02821946144104 63.81
15.050197839736938 63.79
15.072554111480713 63.74
15.094960451126099 63.72
15.116687774658203 63.7
15.139324188232422 63.68
15.161840915679932 63.68
15.185644149780273 63.67
15.205679178237915 63.65
15.228529214859009 63.67
15.251447200775146 63.64
15.273464679718018 63.64
15.296357154846191 63.63
15.318542718887329 63.64
15.341031789779663 63.61
15.36284065246582 63.59
15.385832071304321 63.59
15.408371448516846 63.58
15.43062424659729 63.52
15.452422380447388 63.52
15.4753098487854 63.49
15.497654914855957 63.45
15.519543170928955 63.44
15.542341232299805 63.38
15.564673662185669 63.32
15.586315393447876 63.21
15.608195066452026 63.08
15.63081979751587 62.97
15.65394639968872 62.84
15.676445245742798 62.68
15.698675632476807 62.57
15.721309185028076 62.45
15.743765115737915 62.31
15.765466213226318 62.13
15.788228511810303 61.98
15.810749292373657 61.86
15.832640171051025 61.67
15.855051755905151 61.52
15.877763032913208 61.41
15.900309801101685 61.22
15.922551155090332 61.14
15.944425582885742 60.95
15.967281818389893 60.77
15.991302967071533 60.65
16.01033091545105 60.48
16.032543659210205 60.28
16.055241107940674 60.16
16.07824969291687 59.99
16.10119080543518 59.81
16.123966455459595 59.67
16.14494824409485 59.5
16.16669011116028 59.39
16.18929672241211 59.21
16.212246417999268 59.02
16.23532247543335 58.9
16.257521390914917 58.75
16.278615951538086 58.57
16.301191329956055 58.47
16.32369875907898 58.32
16.346502780914307 58.2
16.36983633041382 58.02
16.392107725143433 57.83
16.41692543029785 57.73
16.435843229293823 57.6
16.458542585372925 57.42
16.481732845306396 57.31
16.503784656524658 57.14
16.526469945907593 56.98
16.54881501197815 56.88
16.570929527282715 56.72
16.593003034591675 56.61
16.615872859954834 56.44
16.639038801193237 56.29
16.66031312942505 56.2
16.68252182006836 56.04
16.703912019729614 55.88
16.72618579864502 55.78
16.7481689453125 55.63
16.77136492729187 55.51
16.79495668411255 55.38
16.816781044006348 55.23
16.83899974822998 55.12
16.862666368484497 54.99
16.883280038833618 54.82
16.904716968536377 54.72
16.92749571800232 54.56
16.949801921844482 54.43
16.97303009033203 54.32
16.99572443962097 54.17
17.01849603652954 54.11
17.0407772064209 53.94
17.06248188018799 53.8
17.085628747940063 53.68
17.10745906829834 53.53
17.13032054901123 53.39
17.152334690093994 53.29
17.174975872039795 53.15
17.197351932525635 53.03
17.220067262649536 52.88
17.242137670516968 52.73
17.264020204544067 52.62
17.286884546279907 52.48
17.31047034263611 52.33
17.32956624031067 52.24
17.35173797607422 52.11
17.375052213668823 51.96
17.396554708480835 51.87
17.424693822860718 51.72
17.44163417816162 51.64
17.46358323097229 51.51
17.489689111709595 51.38
17.509742498397827 51.28
17.532185316085815 51.14
17.55471968650818 50.99
17.577568769454956 50.92
17.60003352165222 50.74
17.622461795806885 50.66
17.64422059059143 50.53
17.666683197021484 50.41
17.68954586982727 50.3
17.71126675605774 50.16
17.73340344429016 50.05
17.755866289138794 49.95
17.77842092514038 49.85
17.803202152252197 49.73
17.82264542579651 49.67
17.84490728378296 49.58
17.867266178131104 49.5
17.889657497406006 49.39
17.91227412223816 49.29
17.935505867004395 49.2
17.95734930038452 49.08
17.97854471206665 49.0
18.001118421554565 48.93
18.023722410202026 48.86
18.046276330947876 48.79
18.071130514144897 48.69
18.092117071151733 48.61
18.114062786102295 48.56
18.135168313980103 48.5
18.157695770263672 48.39
18.179901838302612 48.32
18.202544927597046 48.2
18.226534605026245 48.12
18.248679161071777 47.97
18.27104115486145 47.84
18.292876482009888 47.74
18.315881729125977 47.53
18.337621688842773 47.32
18.359999179840088 47.18
18.382683753967285 46.96
18.40480136871338 46.77
18.42674231529236 46.6
18.44872236251831 46.41
18.471556186676025 46.28
18.494381189346313 46.06
18.51714062690735 45.9
18.541000604629517 45.75
18.560048580169678 45.59
18.58242964744568 45.41
18.604722261428833 45.33
18.628430128097534 45.16
18.65119242668152 45.05
18.67379903793335 44.93
18.6958646774292 44.8
18.718409538269043 44.71
18.740187644958496 44.58
18.762497186660767 44.48
18.784991025924683 44.41
18.80781841278076 44.33
18.83064842224121 44.22
18.851888179779053 44.16
18.87497091293335 44.05
18.897359609603882 43.99
18.920077800750732 43.89
18.941527843475342 43.87
18.96401596069336 43.84
18.986737966537476 43.85
19.012094497680664 43.86
19.03051233291626 43.84
19.052209854125977 43.86
19.0743305683136 43.85
19.096760511398315 43.89
19.119704008102417 43.89
19.142653942108154 43.92
19.165313482284546 43.93
19.187597274780273 43.96
19.210155487060547 43.99
19.232749462127686 44.03
19.255295276641846 44.07
19.277616262435913 44.08
19.300151586532593 44.1
19.322452068328857 44.12
19.34401774406433 44.1
19.366981506347656 44.14
19.38926601409912 44.13
19.411088943481445 44.17
19.435707569122314 44.18
19.45485520362854 44.18
19.477450132369995 44.18
19.499632358551025 44.17
19.52276873588562 44.18
19.546043634414673 44.18
19.568077087402344 44.16
19.590550422668457 44.17
19.6130268573761 44.14
19.635398387908936 44.13
19.657066106796265 44.13
19.67876958847046 44.13
19.700260639190674 44.13
19.722689628601074 44.1
19.74598789215088 44.1
19.767419576644897 44.09
19.793540239334106 44.08
19.813860177993774 44.08
19.83443284034729 44.1
19.858956336975098 44.08
19.87926721572876 44.11
19.90601921081543 44.13
19.924561500549316 44.1
19.946499824523926 44.11
19.975030422210693 44.11
19.991193056106567 44.12
20.01325559616089 44.11
20.036312341690063 44.13
20.05832290649414 44.14
20.08155846595764 44.14
20.103082180023193 44.17
20.127422332763672 44.15
20.14933443069458 44.16
20.171680450439453 44.15
20.194420099258423 44.16
20.216663360595703 44.17
20.23887348175049 44.16
20.261811017990112 44.2
20.28282928466797 44.2
20.304746866226196 44.19
20.327441215515137 44.22
20.350542068481445 44.26
20.373249530792236 44.24
20.395657300949097 44.25
20.41760492324829 44.25
20.439605474472046 44.25
20.461723566055298 44.22
20.485041856765747 44.19
20.507880687713623 44.18
20.529749155044556 44.18
20.551974773406982 44.21
20.575056791305542 44.18
20.597213983535767 44.17
20.61998748779297 44.17
20.641884565353394 44.18
20.663835287094116 44.19
20.68634033203125 44.21
20.708649396896362 44.21
20.729812145233154 44.22
20.752240419387817 44.25
20.77446937561035 44.23
20.797035455703735 44.27
20.820143461227417 44.25
20.843373775482178 44.27
20.865713596343994 44.23
20.88779306411743 44.23
20.910435438156128 44.22
20.93269920349121 44.2
20.954682111740112 44.16
20.977444410324097 44.13
20.999836206436157 44.06
21.022427558898926 43.95
21.044443607330322 43.81
21.066960334777832 43.65
21.089414358139038 43.56
21.111334800720215 43.44
21.13349986076355 43.3
21.15419030189514 43.2
21.177302360534668 43.05
21.198974132537842 42.94
21.222082376480103 42.8
21.24454665184021 42.66
21.268329858779907 42.58
21.28832507133484 42.44
21.311516761779785 42.31
21.33384370803833 42.21
21.35601258277893 42.08
21.379775524139404 41.97
21.40254521369934 41.87
21.424404621124268 41.72
21.44554901123047 41.64
21.468095541000366 41.52
21.490450620651245 41.41
21.512901067733765 41.29
21.535117864608765 41.19
21.560213327407837 41.08
21.58063316345215 40.99
21.602793216705322 40.84
21.626187801361084 40.78
21.64871883392334 40.69
21.670881986618042 40.62
21.692571878433228 40.57
21.7154757976532 40.55
21.73762345314026 40.51
21.76052212715149 40.49
21.782182693481445 40.54
21.80494451522827 40.53
21.827444314956665 40.59
21.84919309616089 40.69
21.8721284866333 40.74
21.894001722335815 40.79
21.917093515396118 40.86
21.939048528671265 40.91
21.959895372390747 40.97
21.982550382614136 41.05
22.004308462142944 41.12
22.027480602264404 41.19
22.05048131942749 41.26
22.07340121269226 41.36
22.095252990722656 41.48
22.11816644668579 41.52
22.140724182128906 41.59
22.16303324699402 41.7
22.184689044952393 41.73
22.20745277404785 41.84
22.22995400428772 41.88
22.25176978111267 41.95
22.27456784248352 42.04
22.297107696533203 42.11
22.319465398788452 42.18
22.341248989105225 42.25
22.367828607559204 42.33
22.38516616821289 42.4
22.407531261444092 42.51
22.429942846298218 42.52
22.452577829360962 42.59
22.476099491119385 42.65
22.49778461456299 42.69
22.52077841758728 42.79
22.543126821517944 42.81
22.565768241882324 42.87
22.586490869522095 42.94
22.609105348587036 42.95
22.632057428359985 42.98
22.654478788375854 42.99
22.67723798751831 43.02
22.699754238128662 43.05
22.721786737442017 43.07
22.743971347808838 43.12
22.767107248306274 43.12
22.789284229278564 43.13
22.81129288673401 43.16
22.835073471069336 43.18
22.85579752922058 43.2
22.87703585624695 43.22
22.89910078048706 43.21
22.922149419784546 43.23
22.94574785232544 43.25
22.968142986297607 43.23
22.990249156951904 43.23
23.01241445541382 43.25
23.03511881828308 43.24
23.056995630264282 43.22
23.079838514328003 43.24
23.102195739746094 43.23
23.12431573867798 43.2
23.146564722061157 43.21
23.169438123703003 43.22
23.19178605079651 43.2
23.214062452316284 43.19
23.236501216888428 43.16
23.258972644805908 43.15
23.281173706054688 43.12
23.304075479507446 43.11
23.325418710708618 43.08
23.346900701522827 43.09
23.36912751197815 43.01
23.39145588874817 42.99
23.414165496826172 42.98
23.43722414970398 42.93
23.46019458770752 42.9
23.482182025909424 42.84
23.504804134368896 42.83
23.52688980102539 42.79
23.549091577529907 42.76
23.572051286697388 42.74
23.594303131103516 42.76
23.616819381713867 42.73
23.638779878616333 42.74
23.661553382873535 42.72
23.683281898498535 42.74
23.705634593963623 42.72
23.72814702987671 42.73
23.74945569038391 42.72
23.771901607513428 42.68
23.793970584869385 42.66
23.8179132938385 42.66
23.839993000030518 42.57
23.863226413726807 42.52
23.884639739990234 42.5
23.907482624053955 42.48
23.92977023124695 42.43
23.951591968536377 42.41
23.974507331848145 42.39
23.99675178527832 42.39
24.019452810287476 42.37
24.041326999664307 42.37
24.064080476760864 42.37
24.086407899856567 42.37
24.108649253845215 42.39
24.131031036376953 42.43
24.15251588821411 42.44
24.174520254135132 42.5
24.196746826171875 42.52
24.21957492828369 42.58
24.242586851119995 42.62
24.265450477600098 42.68
24.28769278526306 42.72
24.31205439567566 42.75
24.33238649368286 42.79
24.354299068450928 42.84
24.376777410507202 42.9
24.399632692337036 42.93
24.421370029449463 42.96
24.442967414855957 42.97
24.46621346473694 42.96
24.489038467407227 42.94
24.511223077774048 42.89
24.5336434841156 42.86
24.555092096328735 42.83
24.577258110046387 42.75
24.59974193572998 42.67
24.623170137405396 42.5
24.645533084869385 42.32
24.66796326637268 42.16
24.689879417419434 41.94
24.712159395217896 41.8
24.734943628311157 41.58
24.757062911987305 41.35
24.77982997894287 41.17
24.80210828781128 40.93
24.824524402618408 40.71
24.846149921417236 40.54
24.868709087371826 40.31
24.891497373580933 40.1
24.913935661315918 39.98
24.936118841171265 39.75
24.9627628326416 39.65
24.980137586593628 39.42
25.00124192237854 39.22
25.024127960205078 39.12
25.04690456390381 38.92
25.069756507873535 38.74
25.092299461364746 38.59
25.11532497406006 38.4
25.137072563171387 38.3
25.159756422042847 38.11
25.18174648284912 37.95
25.204631090164185 37.85
25.226989030838013 37.67
25.248912811279297 37.51
25.271610498428345 37.41
25.294166564941406 37.25
25.316500425338745 37.08
25.33832573890686 36.99
25.361160039901733 36.83
25.383867263793945 36.74
25.40676236152649 36.6
25.42680072784424 36.47
25.449438333511353 36.4
25.472108364105225 36.29
25.494285106658936 36.24
25.51776361465454 36.25
25.53993034362793 36.29
25.56138825416565 36.35
25.58308172225952 36.46
25.605892658233643 36.56
25.628471851348877 36.65
25.651136875152588 36.82
25.674124002456665 37.03
25.69618272781372 37.13
25.7192702293396 37.35
25.741043090820312 37.57
25.763893365859985 37.72
25.786084413528442 37.93
25.80939745903015 38.08
25.82924485206604 38.35
25.851999044418335 38.57
25.875092029571533 38.73
25.89762830734253 38.95
25.92036247253418 39.18
25.942924737930298 39.31
25.96528148651123 39.53
25.98694133758545 39.71
26.009753465652466 39.91
26.032398223876953 40.1
26.054043292999268 40.23
26.07664728164673 40.45
26.09946918487549 40.67
26.121676921844482 40.81
26.143451929092407 41.01
26.165897130966187 41.22
26.18804168701172 41.37
26.211162090301514 41.52
26.23288893699646 41.65
26.254401445388794 41.8
26.276833057403564 41.98
26.29874014854431 42.11
26.322206497192383 42.29
26.345488786697388 42.45
26.367733478546143 42.58
26.389524698257446 42.72
26.412126541137695 42.83
26.43484616279602 42.98
26.456974983215332 43.11
26.47954773902893 43.22
26.502002000808716 43.33
26.5242280960083 43.47
26.545979499816895 43.55
26.569040775299072 43.65
26.59139084815979 43.74
26.613828897476196 43.86
26.635937213897705 44.01
26.661627531051636 44.06
26.679162740707397 44.15
26.701002836227417 44.26
26.72341251373291 44.32
26.74612808227539 44.37
26.76871085166931 44.47
26.791271448135376 44.51
26.814711809158325 44.62
26.83752751350403 44.7
26.86009192466736 44.76
26.882167100906372 44.83
26.904637336730957 44.86
26.9269118309021 44.83
26.948720932006836 44.76
26.971104383468628 44.67
26.994148015975952 44.51
27.01637601852417 44.38
27.038325309753418 44.19
27.061159133911133 43.94
27.083556652069092 43.79
27.105727195739746 43.54
27.128085613250732 43.29
27.15152144432068 43.13
27.174367666244507 42.85
27.194037437438965 42.6
27.216315746307373 42.43
27.239616870880127 42.18
27.262096881866455 42.0
27.284603357315063 41.75
27.307128190994263 41.54
27.328895568847656 41.38
27.351178884506226 41.18
27.37407946586609 40.94
27.396585702896118 40.8
27.4176082611084 40.62
27.439878463745117 40.46
27.46255850791931 40.26
27.485979557037354 40.05
27.508517026901245 39.93
27.530237674713135 39.71
27.553146362304688 39.54
27.575481176376343 39.35
27.603006839752197 39.18
27.618509769439697 39.0
27.64110803604126 38.9
27.663439989089966 38.72
27.685456037521362 38.64
27.709179878234863 38.53
27.73197889328003 38.39
27.754241704940796 38.34
27.776591539382935 38.26
27.798941135406494 38.15
27.82151174545288 38.08
27.843215465545654 37.94
27.866194248199463 37.88
27.88852095603943 37.73
27.91101574897766 37.61
27.93320083618164 37.48
27.955827236175537 37.36
27.978129863739014 37.22
27.99985122680664 37.13
28.0254328250885 36.98
28.045299291610718 36.79
28.067285299301147 36.72
28.089290857315063 36.52
28.112200260162354 36.45
28.13471269607544 36.29
28.157227039337158 36.16
28.17942714691162 36.06
28.201783418655396 35.93
28.224106073379517 35.79
28.24596643447876 35.7
28.268352508544922 35.56
28.291147708892822 35.46
28.31370735168457 35.34
28.335716009140015 35.23
28.35842490196228 35.17
28.380561113357544 35.02
28.403058290481567 34.88
28.425455570220947 34.81
28.446704149246216 34.67
28.469093799591064 34.6
28.49147057533264 34.45
28.51442575454712 34.33
28.53726840019226 34.21
28.55912685394287 34.06
28.581806421279907 33.92
28.60435438156128 33.82
28.626773357391357 33.69
28.64851474761963 33.53
28.67093586921692 33.45
28.693701028823853 33.31
28.71562147140503 33.22
28.73819589614868 33.09
28.76269555091858 32.96
28.78319525718689 32.89
28.805354118347168 32.77
28.827722549438477 32.66
28.852025985717773 32.57
28.87102246284485 32.48
28.893184185028076 32.41
28.916300535202026 32.3
28.939568996429443 32.2
28.96218466758728 32.14
28.98403024673462 32.04
29.00639533996582 31.95
29.02840805053711 31.9
29.050511598587036 31.91
29.07377338409424 32.09
29.096410036087036 32.34
29.118945837020874 32.91
29.140520095825195 33.3
29.16339111328125 34.04
29.18578553199768 34.81
29.20833706855774 35.36
29.229976177215576 36.18
29.253096342086792 37.07
29.278626918792725 37.65
29.29692769050598 38.54
29.318366289138794 39.11
29.34088134765625 39.97
29.36373805999756 40.84
29.386897087097168 41.42
29.40968680381775 42.27
29.43151569366455 43.15
29.452303409576416 43.69
29.47466254234314 44.53
29.497539043426514 45.08
29.520137071609497 45.88
29.54321575164795 46.67
29.566078186035156 47.2
29.58845353126526 47.94
29.6107656955719 48.72
29.6325843334198 49.2
29.655481576919556 49.94
29.677295446395874 50.64
29.700557231903076 51.11
29.721086502075195 51.77
29.74364972114563 52.21
29.76617407798767 52.83
29.78915524482727 53.46
29.812134504318237 53.86
29.833866834640503 54.43
29.85694146156311 55.01
29.878554344177246 55.37
29.90150475502014 55.92
29.923777103424072 56.26
29.945531606674194 56.79
29.96662163734436 57.31
29.991342782974243 57.61
