0.0 100237.0
0.018802404403686523 100245.0
0.0448000431060791 100245.0
0.06332755088806152 100240.0
0.08927106857299805 100245.0
0.10832691192626953 100231.0
0.1305544376373291 100243.0
0.1563854217529297 100240.0
0.17590761184692383 100226.0
0.19818878173828125 100243.0
0.22073817253112793 100243.0
0.2440493106842041 100231.0
0.26615166664123535 100245.0
0.28864312171936035 100240.0
0.31116223335266113 100240.0
0.3326876163482666 100245.0
0.3539576530456543 100226.0
0.376331090927124 100240.0
0.39914560317993164 100248.0
0.42220234870910645 100231.0
0.44504666328430176 100248.0
0.4678065776824951 100245.0
0.4898202419281006 100237.0
0.5107951164245605 100248.0
0.5332460403442383 100245.0
0.5561439990997314 100240.0
0.579108476638794 100243.0
0.6016113758087158 100228.0
0.6241869926452637 100248.0
0.6464443206787109 100251.0
0.669102668762207 100231.0
0.6909792423248291 100246.0
0.713484525680542 100243.0
0.7362618446350098 100240.0
0.7572691440582275 100243.0
0.7791955471038818 100246.0
0.8014228343963623 100237.0
0.8241569995880127 100237.0
0.8467254638671875 100228.0
0.8704953193664551 100246.0
0.8927211761474609 100237.0
0.9131608009338379 100229.0
0.9354681968688965 100240.0
0.9590244293212891 100240.0
0.9817380905151367 100232.0
1.0030193328857422 100246.0
1.0248055458068848 100246.0
1.0479273796081543 100243.0
1.070246934890747 100243.0
1.0936589241027832 100229.0
1.1164882183074951 100240.0
1.1388437747955322 100240.0
1.1611411571502686 100237.0
1.1860949993133545 100246.0
1.2058358192443848 100252.0
1.228386402130127 100241.0
1.2505090236663818 100247.0
1.272550344467163 100244.0
1.29392671585083 100253.0
1.317373275756836 100248.0
1.338402509689331 100236.0
1.361299991607666 100256.0
1.3842995166778564 100257.0
1.4072606563568115 100243.0
1.428241491317749 100252.0
1.4508070945739746 100249.0
1.4733734130859375 100241.0
1.4962258338928223 100250.0
1.5196807384490967 100236.0
1.5413932800292969 100250.0
1.5637798309326172 100245.0
1.5859389305114746 100231.0
1.6073236465454102 100254.0
1.6294405460357666 100254.0
1.6518874168395996 100238.0
1.674246072769165 100249.0
1.6979100704193115 100250.0
1.7202558517456055 100247.0
1.7420878410339355 100248.0
1.7648770809173584 100228.0
1.7870934009552002 100245.0
1.8097288608551025 100240.0
1.83164644241333 100237.0
1.8544256687164307 100249.0
1.8764374256134033 100247.0
1.9015696048736572 100247.0
1.9212589263916016 100247.0
1.9440646171569824 100233.0
1.9665124416351318 100248.0
1.9882245063781738 100248.0
2.0094401836395264 100228.0
2.0319931507110596 100248.0
2.054586172103882 100249.0
2.077934980392456 100240.0
2.1005759239196777 100254.0
2.123051404953003 100249.0
2.145138740539551 100244.0
2.167569398880005 100250.0
2.1895666122436523 100238.0
2.2109251022338867 100253.0
2.2327044010162354 100250.0
2.2556521892547607 100250.0
2.278163194656372 100259.0
2.30175518989563 100245.0
2.323809862136841 100254.0
2.3465065956115723 100251.0
2.368818759918213 100234.0
2.390791893005371 100255.0
2.4137258529663086 100258.0
2.436338424682617 100238.0
2.459832191467285 100247.0
2.4790966510772705 100247.0
2.501814365386963 100247.0
2.524355173110962 100253.0
2.547255516052246 100237.0
2.5701711177825928 100257.0
2.5928730964660645 100257.0
2.614605665206909 100234.0
2.636707305908203 100255.0
2.6596925258636475 100247.0
2.681941270828247 100249.0
2.7045252323150635 100244.0
2.726288318634033 100236.0
2.749091148376465 100259.0
2.771879196166992 100242.0
2.7937726974487305 100231.0
2.816075325012207 100248.0
2.838472366333008 100257.0
2.8608529567718506 100254.0
2.885169506072998 100252.0
2.9044301509857178 100232.0
2.9267377853393555 100249.0
2.9496231079101562 100249.0
2.9723970890045166 100238.0
2.995068311691284 100250.0
3.0176072120666504 100253.0
3.039365530014038 100247.0
3.0622010231018066 100250.0
3.0846426486968994 100233.0
3.106827735900879 100254.0
3.1290459632873535 100251.0
3.1516315937042236 100242.0
3.1741087436676025 100254.0
3.1959798336029053 100243.0
3.218745470046997 100237.0
3.241157054901123 100254.0
3.2631077766418457 100235.0
3.2853853702545166 100249.0
3.3080787658691406 100249.0
3.3294711112976074 100241.0
3.3515377044677734 100255.0
3.3744049072265625 100255.0
3.398037910461426 100250.0
3.420137643814087 100253.0
3.4420151710510254 100239.0
3.4646990299224854 100256.0
3.487213134765625 100251.0
3.509218215942383 100234.0
3.53139591217041 100257.0
3.554356098175049 100260.0
3.5766022205352783 100254.0
3.5989482402801514 100254.0
3.620826244354248 100246.0
3.6437442302703857 100252.0
3.666060447692871 100255.0
3.6878819465637207 100241.0
3.710954427719116 100258.0
3.732046365737915 100253.0
3.754484176635742 100250.0
3.7765464782714844 100256.0
3.8004188537597656 100238.0
3.8222885131835938 100247.0
3.845292568206787 100250.0
3.8660402297973633 100242.0
3.888282299041748 100262.0
3.910752534866333 100236.0
3.9326329231262207 100251.0
3.956376552581787 100251.0
3.9792730808258057 100244.0
4.001525640487671 100256.0
4.023616790771484 100250.0
4.0464301109313965 100245.0
4.0685505867004395 100256.0
4.0905702114105225 100236.0
4.112973690032959 100253.0
4.141172170639038 100256.0
4.156861066818237 100230.0
4.178526163101196 100241.0
4.201330900192261 100252.0
4.223914861679077 100241.0
4.246862173080444 100246.0
4.269140005111694 100237.0
4.292314052581787 100252.0
4.314229488372803 100249.0
4.336505889892578 100231.0
4.3594725131988525 100251.0
4.381814956665039 100251.0
4.404273509979248 100248.0
4.426424980163574 100250.0
4.448958158493042 100236.0
4.470982789993286 100250.0
4.493949890136719 100244.0
4.5156378746032715 100238.0
4.538437366485596 100255.0
4.5608837604522705 100247.0
4.585521459579468 100241.0
4.604017019271851 100241.0
4.626135349273682 100237.0
4.648910760879517 100249.0
4.6712658405303955 100249.0
4.694963693618774 100234.0
4.717339754104614 100251.0
4.739393711090088 100248.0
4.76209831237793 100240.0
4.783865928649902 100245.0
4.806818008422852 100231.0
4.828962326049805 100248.0
4.85152268409729 100245.0
4.873795509338379 100236.0
4.896451473236084 100247.0
4.9184911251068115 100247.0
4.940807104110718 100247.0
4.961838960647583 100252.0
4.9837095737457275 100227.0
5.006717205047607 100247.0
5.0295867919921875 100249.0
5.052265644073486 100235.0
5.0738232135772705 100249.0
5.09600830078125 100246.0
5.118406295776367 100246.0
5.140838623046875 100243.0
5.162492036819458 100232.0
5.1854774951934814 100249.0
5.207893133163452 100254.0
5.231300592422485 100240.0
5.253580570220947 100248.0
5.275630950927734 100251.0
5.298428058624268 100245.0
5.320693731307983 100248.0
5.343500375747681 100237.0
5.3657708168029785 100251.0
5.387879848480225 100249.0
5.410600662231445 100229.0
5.432774305343628 100249.0
5.454070329666138 100246.0
5.475916385650635 100246.0
5.498815059661865 100250.0
5.521307468414307 100238.0
5.543280124664307 100250.0
5.567025184631348 100259.0
5.590066909790039 100236.0
5.611889362335205 100254.0
5.6336424350738525 100243.0
5.656670808792114 100246.0
5.678893089294434 100257.0
5.701166868209839 100238.0
5.723368167877197 100252.0
5.745530366897583 100261.0
5.768490314483643 100242.0
5.790667772293091 100256.0
5.813199043273926 100254.0
5.835679292678833 100262.0
5.857909917831421 100257.0
5.87977409362793 100243.0
5.904192686080933 100258.0
5.926055192947388 100255.0
5.945813179016113 100241.0
5.967833757400513 100261.0
5.9907546043396 100261.0
6.013202428817749 100259.0
6.036434650421143 100259.0
6.058965444564819 100248.0
6.081671237945557 100254.0
6.104136228561401 100254.0
6.125838994979858 100246.0
6.148701906204224 100260.0
6.169371128082275 100241.0
6.1921868324279785 100258.0
6.214484930038452 100253.0
6.238087892532349 100241.0
6.260480642318726 100253.0
6.282391786575317 100253.0
6.305233001708984 100248.0
6.327533483505249 100254.0
6.348721265792847 100239.0
6.370398044586182 100257.0
6.393272161483765 100257.0
6.415991544723511 100237.0
6.439851999282837 100263.0
6.46194314956665 100255.0
6.484215259552002 100255.0
6.505995988845825 100252.0
6.528233051300049 100238.0
6.551235198974609 100250.0
6.573458671569824 100247.0
6.596240282058716 100238.0
6.617919206619263 100258.0
6.640679836273193 100230.0
6.66258692741394 100247.0
6.683761358261108 100242.0
6.705851316452026 100230.0
6.728266716003418 100250.0
6.751109838485718 100250.0
6.7732908725738525 100247.0
6.796830892562866 100244.0
6.819408416748047 100233.0
6.842163801193237 100253.0
6.863783836364746 100250.0
6.886680603027344 100230.0
6.909171104431152 100252.0
6.9309093952178955 100252.0
6.95376443862915 100243.0
6.976283311843872 100252.0
6.99841046333313 100231.0
7.0202929973602295 100248.0
7.0428080558776855 100248.0
7.065609693527222 100245.0
7.086200714111328 100248.0
7.112792491912842 100247.0
7.13143253326416 100253.0
7.153335809707642 100253.0
7.175564765930176 100238.0
7.198488712310791 100250.0
7.2215576171875 100252.0
7.244542121887207 100241.0
7.266391038894653 100243.0
7.289445877075195 100232.0
7.311760425567627 100249.0
7.3337061405181885 100262.0
7.356534242630005 100242.0
7.379272222518921 100254.0
7.401233911514282 100259.0
7.422920227050781 100242.0
7.445908069610596 100242.0
7.468178987503052 100239.0
7.490289211273193 100258.0
7.513006210327148 100253.0
7.535393476486206 100233.0
7.557728052139282 100258.0
7.579320192337036 100249.0
7.600959777832031 100244.0
7.623400449752808 100252.0
7.645678281784058 100240.0
7.668578386306763 100252.0
7.691890716552734 100257.0
7.714196681976318 100240.0
7.736713647842407 100254.0
7.758991956710815 100254.0
7.781386137008667 100251.0
7.803619146347046 100254.0
7.825560808181763 100242.0
7.848332405090332 100254.0
7.870776891708374 100251.0
7.893424987792969 100240.0
7.915375471115112 100259.0
7.938071012496948 100245.0
7.9603540897369385 100248.0
7.982222318649292 100251.0
8.004860639572144 100242.0
8.025914430618286 100254.0
8.048254013061523 100251.0
8.070303916931152 100242.0
8.093552827835083 100248.0
8.116916179656982 100251.0
8.139020442962646 100253.0
8.161535263061523 100250.0
8.184134244918823 100244.0
8.206402778625488 100256.0
8.228067636489868 100253.0
8.250536441802979 100253.0
8.273475885391235 100256.0
8.29566502571106 100250.0
8.317884922027588 100261.0
8.34053373336792 100262.0
8.36290693283081 100247.0
8.384969711303711 100256.0
8.407124757766724 100251.0
8.427819967269897 100251.0
8.451820850372314 100257.0
8.472870349884033 100243.0
8.495282173156738 100260.0
8.51787257194519 100266.0
8.541568756103516 100246.0
8.563988208770752 100263.0
8.586595058441162 100261.0
8.608821630477905 100250.0
8.631311416625977 100258.0
8.654090404510498 100250.0
8.676002740859985 100262.0
8.698486566543579 100265.0
8.720184803009033 100254.0
8.743184804916382 100257.0
8.765292644500732 100266.0
8.788133144378662 100257.0
8.809879779815674 100258.0
8.832507133483887 100252.0
8.8534255027771 100258.0
8.8752601146698 100264.0
8.898352861404419 100247.0
8.921016454696655 100253.0
8.944544315338135 100259.0
8.96630334854126 100253.0
8.990762948989868 100268.0
9.011013507843018 100242.0
9.033180236816406 100263.0
9.055113554000854 100263.0
9.078679084777832 100249.0
9.100991487503052 100263.0
9.122698068618774 100243.0
9.145786046981812 100261.0
9.167870998382568 100255.0
9.19042181968689 100244.0
9.212298393249512 100267.0
9.235149383544922 100261.0
9.256190299987793 100259.0
9.278170585632324 100259.0
9.301069498062134 100248.0
9.324683666229248 100273.0
9.346956491470337 100273.0
9.368820667266846 100251.0
9.391744136810303 100277.0
9.413993120193481 100271.0
9.43668508529663 100266.0
9.458346128463745 100271.0
9.479542016983032 100260.0
9.502174377441406 100272.0
9.524113178253174 100278.0
9.547474384307861 100275.0
9.570818662643433 100272.0
9.592919111251831 100261.0
9.615148544311523 100275.0
9.637763738632202 100275.0
9.65981936454773 100255.0
9.680934190750122 100273.0
9.703106164932251 100273.0
9.726297378540039 100267.0
9.749342203140259 100268.0
9.771563053131104 100253.0
9.794186115264893 100274.0
9.816668033599854 100274.0
9.839086771011353 100262.0
9.861000537872314 100277.0
9.883804321289062 100254.0
9.905621528625488 100269.0
9.927916526794434 100272.0
9.951099157333374 100257.0
9.970929622650146 100272.0
9.995278120040894 100277.0
10.015949249267578 100261.0
10.041874885559082 100272.0
10.06104063987732 100258.0
10.082940340042114 100272.0
10.106148481369019 100270.0
10.127650260925293 100275.0
10.150338411331177 100273.0
10.174129247665405 100258.0
10.197047233581543 100281.0
10.219285488128662 100264.0
10.241828680038452 100259.0
10.262978076934814 100273.0
10.28531527519226 100273.0
10.307949781417847 100270.0
10.331328392028809 100271.0
10.353427410125732 100259.0
10.375419855117798 100265.0
10.398226737976074 100265.0
10.419991493225098 100259.0
10.442883253097534 100263.0
10.46536898612976 100243.0
10.49152135848999 100254.0
10.508305549621582 100263.0
10.5305814743042 100240.0
10.553213357925415 100249.0
10.575172185897827 100260.0
10.599680662155151 100255.0
10.621960163116455 100255.0
10.644074201583862 100238.0
10.66610860824585 100258.0
10.688894033432007 100258.0
10.711436033248901 100246.0
10.733680963516235 100249.0
10.756021499633789 100246.0
10.778701782226562 100249.0
10.800708293914795 100255.0
10.822625398635864 100232.0
10.845530271530151 100258.0
10.867946863174438 100252.0
10.890278816223145 100255.0
10.912051439285278 100249.0
10.933848857879639 100240.0
10.956647872924805 100255.0
10.979633092880249 100254.0
11.002164840698242 100240.0
11.024371862411499 100254.0
11.046894311904907 100240.0
11.06861925125122 100254.0
11.09168267250061 100248.0
11.114320278167725 100237.0
11.135035037994385 100257.0
11.156538963317871 100259.0
11.182876825332642 100250.0
11.203126907348633 100248.0
11.225264072418213 100241.0
11.24670147895813 100253.0
11.26957893371582 100255.0
11.291784524917603 100244.0
11.314758062362671 100252.0
11.336505651473999 100255.0
11.358278512954712 100255.0
11.381875038146973 100252.0
11.404404401779175 100234.0
11.427192211151123 100248.0
11.449612140655518 100251.0
11.471237421035767 100245.0
11.494269132614136 100251.0
11.516048669815063 100239.0
11.5388822555542 100253.0
11.560971975326538 100250.0
11.583824634552002 100239.0
11.605995416641235 100255.0
11.628363370895386 100252.0
11.650710582733154 100249.0
11.672670602798462 100249.0
11.695614099502563 100240.0
11.717906713485718 100252.0
11.739222049713135 100252.0
11.761879205703735 100240.0
11.784675359725952 100254.0
11.807175636291504 100237.0
11.829320669174194 100254.0
11.852142333984375 100257.0
11.873912572860718 100239.0
11.89676284790039 100251.0
11.919287204742432 100248.0
11.94152045249939 100253.0
11.9632887840271 100259.0
11.98615574836731 100241.0
12.008605003356934 100261.0
12.030863285064697 100261.0
12.053161382675171 100240.0
12.075949907302856 100257.0
12.098037242889404 100276.0
12.119888067245483 100259.0
12.14492130279541 100256.0
12.163848400115967 100235.0
12.186068058013916 100252.0
12.208079814910889 100248.0
12.231636047363281 100239.0
12.25468921661377 100247.0
12.27705979347229 100255.0
12.299530029296875 100254.0
12.321504354476929 100248.0
12.344255924224854 100228.0
12.366374254226685 100253.0
12.388996839523315 100247.0
12.41124939918518 100237.0
12.433784246444702 100248.0
12.455790758132935 100253.0
12.477855443954468 100244.0
12.500775814056396 100247.0
12.522462129592896 100226.0
12.545454502105713 100246.0
12.567201137542725 100243.0
12.588739395141602 100245.0
12.610610485076904 100253.0
12.632897138595581 100258.0
12.656845092773438 100252.0
12.679878234863281 100260.0
12.70189356803894 100239.0
12.72439193725586 100248.0
12.746722221374512 100250.0
12.768555402755737 100241.0
12.791213989257812 100250.0
12.81381893157959 100252.0
12.836283445358276 100243.0
12.858001232147217 100251.0
12.880891561508179 100231.0
12.903321266174316 100259.0
12.925568580627441 100256.0
12.947688817977905 100236.0
12.970417737960815 100255.0
12.992540121078491 100250.0
13.013270378112793 100252.0
13.036043882369995 100252.0
13.058557271957397 100232.0
13.0819571018219 100251.0
13.104102373123169 100248.0
13.12698221206665 100234.0
13.149487733840942 100251.0
13.171081781387329 100256.0
13.193579912185669 100244.0
13.216496229171753 100250.0
13.238614320755005 100250.0
13.26050877571106 100247.0
13.282993793487549 100247.0
13.305047750473022 100235.0
13.32822036743164 100249.0
13.350080490112305 100257.0
13.372856378555298 100237.0
13.395221948623657 100246.0
13.419294357299805 100245.0
13.440774202346802 100245.0
13.460370063781738 100243.0
13.482864379882812 100236.0
13.505165100097656 100239.0
13.52795124053955 100253.0
13.550885677337646 100231.0
13.57395052909851 100258.0
13.596647262573242 100258.0
13.618825674057007 100238.0
13.641399621963501 100258.0
13.663470268249512 100252.0
13.686081409454346 100238.0
13.708214521408081 100255.0
13.730853080749512 100238.0
13.752685785293579 100249.0
13.775550365447998 100265.0
13.797813177108765 100240.0
13.819620847702026 100249.0
13.842087984085083 100257.0
13.864460229873657 100240.0
13.886581897735596 100257.0
13.908169031143188 100237.0
13.93118929862976 100251.0
13.95449185371399 100259.0
13.977280378341675 100239.0
13.998569965362549 100245.0
14.021602153778076 100251.0
14.043905019760132 100239.0
14.067790031433105 100253.0
14.08864164352417 100253.0
14.111159086227417 100253.0
14.133350372314453 100261.0
14.155146598815918 100241.0
14.177943229675293 100247.0
14.199994564056396 100261.0
14.22250509262085 100236.0
14.244964599609375 100250.0
14.269047737121582 100250.0
14.28859829902649 100249.0
14.310503482818604 100255.0
14.333630561828613 100255.0
14.35660982131958 100247.0
14.379538297653198 100258.0
14.401704549789429 100241.0
14.423940420150757 100255.0
14.44660496711731 100252.0
14.468782663345337 100246.0
14.49076795578003 100252.0
14.513452768325806 100257.0
14.535959243774414 100249.0
14.558736801147461 100257.0
14.57938838005066 100238.0
14.601786136627197 100257.0
14.624718189239502 100249.0
14.64759612083435 100240.0
14.669756889343262 100255.0
14.691563844680786 100249.0
14.71288514137268 100243.0
14.735907316207886 100252.0
14.75891637802124 100252.0
14.781856298446655 100252.0
14.80386471748352 100252.0
14.826832056045532 100238.0
14.848986625671387 100252.0
14.871071100234985 100249.0
14.894437074661255 100243.0
14.916150331497192 100252.0
14.93846607208252 100258.0
14.96024203300476 100241.0
14.98317003250122 100255.0
15.005296468734741 100261.0
15.02821946144104 100247.0
15.050197839736938 100255.0
15.072554111480713 100235.0
15.094960451126099 100252.0
15.116687774658203 100261.0
15.139324188232422 100247.0
15.161840915679932 100258.0
15.185644149780273 100261.0
15.205679178237915 100250.0
15.228529214859009 100253.0
15.251447200775146 100239.0
15.273464679718018 100256.0
15.296357154846191 100253.0
15.318542718887329 100244.0
15.341031789779663 100256.0
15.36284065246582 100259.0
15.385832071304321 100250.0
15.408371448516846 100251.0
15.43062424659729 100251.0
15.452422380447388 100248.0
15.4753098487854 100257.0
15.497654914855957 100231.0
15.519543170928955 100254.0
15.542341232299805 100254.0
15.564673662185669 100240.0
15.586315393447876 100251.0
15.608195066452026 100254.0
15.63081979751587 100260.0
15.65394639968872 100260.0
15.676445245742798 100257.0
15.698675632476807 100255.0
15.721309185028076 100233.0
15.743765115737915 100232.0
15.765466213226318 100252.0
15.788228511810303 100255.0
15.810749292373657 100235.0
15.832640171051025 100258.0
15.855051755905151 100266.0
15.877763032913208 100249.0
15.900309801101685 100247.0
15.922551155090332 100241.0
15.944425582885742 100258.0
15.967281818389893 100250.0
15.991302967071533 100247.0
16.01033091545105 100247.0
16.032543659210205 100261.0
16.055241107940674 100241.0
16.07824969291687 100250.0
16.10119080543518 100245.0
16.123966455459595 100236.0
16.14494824409485 100256.0
16.16669011116028 100244.0
16.18929672241211 100250.0
16.212246417999268 100250.0
16.23532247543335 100239.0
16.257521390914917 100248.0
16.278615951538086 100262.0
16.301191329956055 100242.0
16.32369875907898 100248.0
16.346502780914307 100236.0
16.36983633041382 100248.0
16.392107725143433 100251.0
16.41692543029785 100228.0
16.435843229293823 100254.0
16.458542585372925 100248.0
16.481732845306396 100248.0
16.503784656524658 100251.0
16.526469945907593 100254.0
16.54881501197815 100256.0
16.570929527282715 100245.0
16.593003034591675 100228.0
16.615872859954834 100254.0
16.639038801193237 100251.0
16.66031312942505 100251.0
16.68252182006836 100248.0
16.703912019729614 100257.0
16.72618579864502 100254.0
16.7481689453125 100251.0
16.77136492729187 100237.0
16.79495668411255 100248.0
16.816781044006348 100246.0
16.83899974822998 100229.0
16.862666368484497 100243.0
16.883280038833618 100240.0
16.904716968536377 100232.0
16.92749571800232 100257.0
16.949801921844482 100243.0
16.97303009033203 100243.0
16.99572443962097 100243.0
17.01849603652954 100237.0
17.0407772064209 100246.0
17.06248188018799 100252.0
17.085628747940063 100229.0
17.10745906829834 100246.0
17.13032054901123 100246.0
17.152334690093994 100243.0
17.174975872039795 100252.0
17.197351932525635 100229.0
17.220067262649536 100260.0
17.242137670516968 100254.0
17.264020204544067 100229.0
17.286884546279907 100246.0
17.31047034263611 100246.0
17.32956624031067 100240.0
17.35173797607422 100249.0
17.375052213668823 100252.0
17.396554708480835 100249.0
17.424693822860718 100249.0
17.44163417816162 100237.0
17.46358323097229 100255.0
17.489689111709595 100241.0
17.509742498397827 100243.0
17.532185316085815 100246.0
17.55471968650818 100255.0
17.577568769454956 100241.0
17.60003352165222 100249.0
17.622461795806885 100232.0
17.64422059059143 100243.0
17.666683197021484 100246.0
17.68954586982727 100235.0
17.71126675605774 100246.0
17.73340344429016 100243.0
17.755866289138794 100243.0
17.77842092514038 100249.0
17.803202152252197 100243.0
17.82264542579651 100252.0
17.84490728378296 100252.0
17.867266178131104 100224.0
17.889657497406006 100257.0
17.91227412223816 100249.0
17.935505867004395 100238.0
17.95734930038452 100246.0
17.97854471206665 100252.0
18.001118421554565 100249.0
18.023722410202026 100246.0
18.046276330947876 100235.0
18.071130514144897 100252.0
18.092117071151733 100252.0
18.114062786102295 100238.0
18.135168313980103 100257.0
18.157695770263672 100252.0
18.179901838302612 100241.0
18.202544927597046 100255.0
18.226534605026245 100237.0
18.248679161071777 100246.0
18.27104115486145 100249.0
18.292876482009888 100237.0
18.315881729125977 100252.0
18.337621688842773 100249.0
18.359999179840088 100235.0
18.382683753967285 100255.0
18.40480136871338 100249.0
18.42674231529236 100252.0
18.44872236251831 100257.0
18.471556186676025 100235.0
18.494381189346313 100246.0
18.51714062690735 100255.0
18.541000604629517 100240.0
18.560048580169678 100257.0
18.58242964744568 100252.0
18.604722261428833 100246.0
18.628430128097534 100252.0
18.65119242668152 100232.0
18.67379903793335 100254.0
18.6958646774292 100257.0
18.718409538269043 100235.0
18.740187644958496 100255.0
18.762497186660767 100257.0
18.784991025924683 100249.0
18.80781841278076 100255.0
18.83064842224121 100255.0
18.851888179779053 100252.0
18.87497091293335 100252.0
18.897359609603882 100232.0
18.920077800750732 100249.0
18.941527843475342 100243.0
18.96401596069336 100237.0
18.986737966537476 100241.0
19.012094497680664 100255.0
19.03051233291626 100238.0
19.052209854125977 100255.0
19.0743305683136 100237.0
19.096760511398315 100243.0
19.119704008102417 100249.0
19.142653942108154 100229.0
19.165313482284546 100252.0
19.187597274780273 100263.0
19.210155487060547 100238.0
19.232749462127686 100255.0
19.255295276641846 100246.0
19.277616262435913 100249.0
19.300151586532593 100252.0
19.322452068328857 100235.0
19.34401774406433 100263.0
19.366981506347656 100263.0
19.38926601409912 100240.0
19.411088943481445 100257.0
19.435707569122314 100257.0
19.45485520362854 100249.0
19.477450132369995 100255.0
19.499632358551025 100243.0
19.52276873588562 100255.0
19.546043634414673 100246.0
19.568077087402344 100240.0
19.590550422668457 100246.0
19.6130268573761 100263.0
19.635398387908936 100241.0
19.657066106796265 100255.0
19.67876958847046 100252.0
19.700260639190674 100255.0
19.722689628601074 100252.0
19.74598789215088 100246.0
19.767419576644897 100257.0
19.793540239334106 100246.0
19.813860177993774 100229.0
19.83443284034729 100257.0
19.858956336975098 100255.0
19.87926721572876 100246.0
19.90601921081543 100257.0
19.924561500549316 100232.0
19.946499824523926 100252.0
19.975030422210693 100260.0
19.991193056106567 100232.0
20.01325559616089 100257.0
20.036312341690063 100255.0
20.05832290649414 100249.0
20.08155846595764 100249.0
20.103082180023193 100252.0
20.127422332763672 100252.0
20.14933443069458 100257.0
20.171680450439453 100240.0
20.194420099258423 100246.0
20.216663360595703 100252.0
20.23887348175049 100246.0
20.261811017990112 100257.0
20.28282928466797 100266.0
20.304746866226196 100252.0
20.327441215515137 100263.0
20.350542068481445 100238.0
20.373249530792236 100257.0
20.395657300949097 100252.0
20.41760492324829 100252.0
20.439605474472046 100249.0
20.461723566055298 100260.0
20.485041856765747 100263.0
20.507880687713623 100269.0
20.529749155044556 100263.0
20.551974773406982 100249.0
20.575056791305542 100257.0
20.597213983535767 100240.0
20.61998748779297 100260.0
20.641884565353394 100255.0
20.663835287094116 100249.0
20.68634033203125 100255.0
20.708649396896362 100257.0
20.729812145233154 100249.0
20.752240419387817 100249.0
20.77446937561035 100246.0
20.797035455703735 100257.0
20.820143461227417 100260.0
20.843373775482178 100243.0
20.865713596343994 100249.0
20.88779306411743 100252.0
20.910435438156128 100243.0
20.93269920349121 100258.0
20.954682111740112 100241.0
20.977444410324097 100249.0
20.999836206436157 100249.0
21.022427558898926 100238.0
21.044443607330322 100252.0
21.066960334777832 100258.0
21.089414358139038 100241.0
21.111334800720215 100255.0
21.13349986076355 100252.0
21.15419030189514 100257.0
21.177302360534668 100260.0
21.198974132537842 100241.0
21.222082376480103 100252.0
21.24454665184021 100255.0
21.268329858779907 100241.0
21.28832507133484 100255.0
21.311516761779785 100257.0
21.33384370803833 100249.0
21.35601258277893 100257.0
21.379775524139404 100240.0
21.40254521369934 100257.0
21.424404621124268 100252.0
21.44554901123047 100240.0
21.468095541000366 100252.0
21.490450620651245 100252.0
21.512901067733765 100243.0
21.535117864608765 100249.0
21.560213327407837 100257.0
21.58063316345215 100249.0
21.602793216705322 100257.0
21.626187801361084 100238.0
21.64871883392334 100252.0
21.670881986618042 100252.0
21.692571878433228 100240.0
21.7154757976532 100255.0
21.73762345314026 100252.0
21.76052212715149 100238.0
21.782182693481445 100249.0
21.80494451522827 100246.0
21.827444314956665 100238.0
21.84919309616089 100243.0
21.8721284866333 100249.0
21.894001722335815 100246.0
21.917093515396118 100255.0
21.939048528671265 100243.0
21.959895372390747 100227.0
21.982550382614136 100244.0
22.004308462142944 100235.0
22.027480602264404 100252.0
22.05048131942749 100243.0
22.07340121269226 100249.0
22.095252990722656 100238.0
22.11816644668579 100257.0
22.140724182128906 100257.0
22.16303324699402 100246.0
22.184689044952393 100241.0
22.20745277404785 100244.0
22.22995400428772 100235.0
22.25176978111267 100252.0
22.27456784248352 100255.0
22.297107696533203 100241.0
22.319465398788452 100260.0
22.341248989105225 100274.0
22.367828607559204 100249.0
22.38516616821289 100249.0
22.407531261444092 100247.0
22.429942846298218 100255.0
22.452577829360962 100258.0
22.476099491119385 100243.0
22.49778461456299 100258.0
22.52077841758728 100263.0
22.543126821517944 100246.0
22.565768241882324 100249.0
22.586490869522095 100260.0
22.609105348587036 100252.0
22.632057428359985 100241.0
22.654478788375854 100243.0
22.67723798751831 100255.0
22.699754238128662 100252.0
22.721786737442017 100246.0
22.743971347808838 100247.0
22.767107248306274 100247.0
22.789284229278564 100255.0
22.81129288673401 100247.0
22.835073471069336 100252.0
22.85579752922058 100249.0
22.87703585624695 100252.0
22.89910078048706 100246.0
22.922149419784546 100247.0
22.94574785232544 100247.0
22.968142986297607 100232.0
22.990249156951904 100252.0
23.01241445541382 100252.0
23.03511881828308 100244.0
23.056995630264282 100247.0
23.079838514328003 100243.0
23.102195739746094 100255.0
23.12431573867798 100252.0
23.146564722061157 100241.0
23.169438123703003 100247.0
23.19178605079651 100255.0
23.214062452316284 100244.0
23.236501216888428 100241.0
23.258972644805908 100235.0
23.281173706054688 100250.0
23.304075479507446 100249.0
23.325418710708618 100243.0
23.346900701522827 100249.0
23.36912751197815 100252.0
23.39145588874817 100243.0
23.414165496826172 100263.0
23.43722414970398 100249.0
23.46019458770752 100244.0
23.482182025909424 100241.0
23.504804134368896 100232.0
23.52688980102539 100249.0
23.549091577529907 100249.0
23.572051286697388 100241.0
23.594303131103516 100252.0
23.616819381713867 100255.0
23.638779878616333 100244.0
23.661553382873535 100263.0
23.683281898498535 100243.0
23.705634593963623 100241.0
23.72814702987671 100255.0
23.74945569038391 100252.0
23.771901607513428 100260.0
23.793970584869385 100260.0
23.8179132938385 100243.0
23.839993000030518 100258.0
23.863226413726807 100255.0
23.884639739990234 100260.0
23.907482624053955 100269.0
23.92977023124695 100249.0
23.951591968536377 100260.0
23.974507331848145 100269.0
23.99675178527832 100246.0
24.019452810287476 100263.0
24.041326999664307 100260.0
24.064080476760864 100269.0
24.086407899856567 100260.0
24.108649253845215 100232.0
24.131031036376953 100255.0
24.15251588821411 100258.0
24.174520254135132 100241.0
24.196746826171875 100252.0
24.21957492828369 100263.0
24.242586851119995 100249.0
24.265450477600098 100263.0
24.28769278526306 100252.0
24.31205439567566 100263.0
24.33238649368286 100263.0
24.354299068450928 100257.0
24.376777410507202 100266.0
24.399632692337036 100258.0
24.421370029449463 100255.0
24.442967414855957 100250.0
24.46621346473694 100255.0
24.489038467407227 100252.0
24.511223077774048 100250.0
24.5336434841156 100241.0
24.555092096328735 100252.0
24.577258110046387 100252.0
24.59974193572998 100238.0
24.623170137405396 100255.0
24.645533084869385 100250.0
24.66796326637268 100249.0
24.689879417419434 100255.0
24.712159395217896 100241.0
24.734943628311157 100247.0
24.757062911987305 100249.0
24.77982997894287 100241.0
24.80210828781128 100258.0
24.824524402618408 100258.0
24.846149921417236 100243.0
24.868709087371826 100252.0
24.891497373580933 100252.0
24.913935661315918 100249.0
24.936118841171265 100249.0
24.9627628326416 100241.0
24.980137586593628 100252.0
25.00124192237854 100249.0
25.024127960205078 100243.0
25.04690456390381 100255.0
25.069756507873535 100255.0
25.092299461364746 100252.0
25.11532497406006 100255.0
25.137072563171387 100238.0
25.159756422042847 100258.0
25.18174648284912 100252.0
25.204631090164185 100241.0
25.226989030838013 100255.0
25.248912811279297 100252.0
25.271610498428345 100246.0
25.294166564941406 100252.0
25.316500425338745 100252.0
25.33832573890686 100249.0
25.361160039901733 100246.0
25.383867263793945 100241.0
25.40676236152649 100255.0
25.42680072784424 100252.0
25.449438333511353 100238.0
25.472108364105225 100257.0
25.494285106658936 100252.0
25.51776361465454 100243.0
25.53993034362793 100257.0
25.56138825416565 100252.0
25.58308172225952 100257.0
25.605892658233643 100257.0
25.628471851348877 100246.0
25.651136875152588 100266.0
25.674124002456665 100266.0
25.69618272781372 100249.0
25.7192702293396 100277.0
25.741043090820312 100269.0
25.763893365859985 100257.0
25.786084413528442 100260.0
25.80939745903015 100252.0
25.82924485206604 100269.0
25.851999044418335 100272.0
25.875092029571533 100249.0
25.89762830734253 100272.0
25.92036247253418 100260.0
25.942924737930298 100263.0
25.96528148651123 100269.0
25.98694133758545 100244.0
26.009753465652466 100261.0
26.032398223876953 100261.0
26.054043292999268 100246.0
26.07664728164673 100272.0
26.09946918487549 100266.0
26.121676921844482 100263.0
26.143451929092407 100264.0
26.165897130966187 100269.0
26.18804168701172 100258.0
26.211162090301514 100264.0
26.23288893699646 100238.0
26.254401445388794 100275.0
26.276833057403564 100258.0
26.29874014854431 100244.0
26.322206497192383 100269.0
26.345488786697388 100261.0
26.367733478546143 100253.0
26.389524698257446 100258.0
26.412126541137695 100239.0
26.43484616279602 100258.0
26.456974983215332 100261.0
26.47954773902893 100261.0
26.502002000808716 100267.0
26.5242280960083 100267.0
26.545979499816895 100247.0
26.569040775299072 100264.0
26.59139084815979 100244.0
26.613828897476196 100264.0
26.635937213897705 100259.0
26.661627531051636 100247.0
26.679162740707397 100253.0
26.701002836227417 100256.0
26.72341251373291 100245.0
26.74612808227539 100259.0
26.76871085166931 100278.0
26.791271448135376 100261.0
26.814711809158325 100278.0
26.83752751350403 100242.0
26.86009192466736 100256.0
26.882167100906372 100251.0
26.904637336730957 100250.0
26.9269118309021 100259.0
26.948720932006836 100259.0
26.971104383468628 100250.0
26.994148015975952 100253.0
27.01637601852417 100239.0
27.038325309753418 100256.0
27.061159133911133 100256.0
27.083556652069092 100239.0
27.105727195739746 100251.0
27.128085613250732 100253.0
27.15152144432068 100245.0
27.174367666244507 100259.0
27.194037437438965 100248.0
27.216315746307373 100253.0
27.239616870880127 100259.0
27.262096881866455 100239.0
27.284603357315063 100250.0
27.307128190994263 100256.0
27.328895568847656 100247.0
27.351178884506226 100253.0
27.37407946586609 100256.0
27.396585702896118 100250.0
27.4176082611084 100256.0
27.439878463745117 100233.0
27.46255850791931 100253.0
27.485979557037354 100253.0
27.508517026901245 100233.0
27.530237674713135 100256.0
27.553146362304688 100256.0
27.575481176376343 100239.0
27.603006839752197 100250.0
27.618509769439697 100256.0
27.64110803604126 100255.0
27.663439989089966 100256.0
27.685456037521362 100236.0
27.709179878234863 100256.0
27.73197889328003 100253.0
27.754241704940796 100238.0
27.776591539382935 100253.0
27.798941135406494 100255.0
27.82151174545288 100247.0
27.843215465545654 100258.0
27.866194248199463 100236.0
27.88852095603943 100253.0
27.91101574897766 100255.0
27.93320083618164 100238.0
27.955827236175537 100253.0
27.978129863739014 100258.0
27.99985122680664 100247.0
28.0254328250885 100253.0
28.045299291610718 100255.0
28.067285299301147 100255.0
28.089290857315063 100253.0
28.112200260162354 100233.0
28.13471269607544 100253.0
28.157227039337158 100244.0
28.17942714691162 100238.0
28.201783418655396 100250.0
28.224106073379517 100244.0
28.24596643447876 100241.0
28.268352508544922 100250.0
28.291147708892822 100238.0
28.31370735168457 100250.0
28.335716009140015 100255.0
28.35842490196228 100241.0
28.380561113357544 100255.0
28.403058290481567 100250.0
28.425455570220947 100249.0
28.446704149246216 100253.0
28.469093799591064 100235.0
28.49147057533264 100250.0
28.51442575454712 100247.0
28.53726840019226 100230.0
28.55912685394287 100250.0
28.581806421279907 100255.0
28.60435438156128 100236.0
28.626773357391357 100250.0
28.64851474761963 100250.0
28.67093586921692 100247.0
28.693701028823853 100250.0
28.71562147140503 100238.0
28.73819589614868 100252.0
28.76269555091858 100247.0
28.78319525718689 100235.0
28.805354118347168 100250.0
28.827722549438477 100258.0
28.852025985717773 100241.0
28.87102246284485 100252.0
28.893184185028076 100235.0
28.916300535202026 100252.0
28.939568996429443 100247.0
28.96218466758728 100238.0
28.98403024673462 100247.0
29.00639533996582 100247.0
29.02840805053711 100235.0
29.050511598587036 100252.0
29.07377338409424 100247.0
29.096410036087036 100247.0
29.118945837020874 100247.0
29.140520095825195 100238.0
29.16339111328125 100250.0
29.18578553199768 100250.0
29.20833706855774 100241.0
29.229976177215576 100255.0
29.253096342086792 100256.0
29.278626918792725 100253.0
29.29692769050598 100253.0
29.318366289138794 100242.0
29.34088134765625 100256.0
29.36373805999756 100256.0
29.386897087097168 100242.0
29.40968680381775 100249.0
29.43151569366455 100254.0
29.452303409576416 100246.0
29.47466254234314 100255.0
29.497539043426514 100241.0
29.520137071609497 100256.0
29.54321575164795 100256.0
29.566078186035156 100247.0
29.58845353126526 100259.0
29.6107656955719 100260.0
29.6325843334198 100248.0
29.655481576919556 100257.0
29.677295446395874 100255.0
29.700557231903076 100261.0
29.721086502075195 100258.0
29.74364972114563 100252.0
29.76617407798767 100253.0
29.78915524482727 100256.0
29.812134504318237 100248.0
29.833866834640503 100251.0
29.85694146156311 100257.0
29.878554344177246 100260.0
29.90150475502014 100260.0
29.923777103424072 100241.0
29.945531606674194 100267.0
29.96662163734436 100267.0
29.991342782974243 100253.0
