0.0 24.73
0.018802404403686523 24.81
0.0448000431060791 24.8
0.06332755088806152 24.79
0.08927106857299805 24.8
0.10832691192626953 24.71
0.1305544376373291 24.81
0.1563854217529297 24.81
0.17590761184692383 24.72
0.19818878173828125 24.81
0.22073817253112793 24.82
0.2440493106842041 24.75
0.26615166664123535 24.82
0.28864312171936035 24.82
0.31116223335266113 24.8
0.3326876163482666 24.82
0.3539576530456543 24.72
0.376331090927124 24.83
0.39914560317993164 24.83
0.42220234870910645 24.72
0.44504666328430176 24.82
0.4678065776824951 24.82
0.4898202419281006 24.77
0.5107951164245605 24.83
0.5332460403442383 24.82
0.5561439990997314 24.82
0.579108476638794 24.83
0.6016113758087158 24.73
0.6241869926452637 24.83
0.6464443206787109 24.83
0.669102668762207 24.74
0.6909792423248291 24.83
0.713484525680542 24.83
0.7362618446350098 24.78
0.7572691440582275 24.83
0.7791955471038818 24.84
0.8014228343963623 24.83
0.8241569995880127 24.84
0.8467254638671875 24.74
0.8704953193664551 24.84
0.8927211761474609 24.84
0.9131608009338379 24.76
0.9354681968688965 24.84
0.9590244293212891 24.84
0.9817380905151367 24.8
1.0030193328857422 24.85
1.0248055458068848 24.85
1.0479273796081543 24.85
1.070246934890747 24.86
1.0936589241027832 24.79
1.1164882183074951 24.9
1.1388437747955322 24.91
1.1611411571502686 24.86
1.1860949993133545 24.97
1.2058358192443848 25.0
1.228386402130127 24.99
1.2505090236663818 25.07
1.272550344467163 25.13
1.29392671585083 25.16
1.317373275756836 25.21
1.338402509689331 25.16
1.361299991607666 25.3
1.3842995166778564 25.36
1.4072606563568115 25.32
1.428241491317749 25.46
1.4508070945739746 25.52
1.4733734130859375 25.52
1.4962258338928223 25.62
1.5196807384490967 25.56
1.5413932800292969 25.73
1.5637798309326172 25.78
1.5859389305114746 25.74
1.6073236465454102 25.9
1.6294405460357666 25.97
1.6518874168395996 25.95
1.674246072769165 26.07
1.6979100704193115 26.13
1.7202558517456055 26.16
1.7420878410339355 26.24
1.7648770809173584 26.18
1.7870934009552002 26.33
1.8097288608551025 26.4
1.83164644241333 26.35
1.8544256687164307 26.48
1.8764374256134033 26.54
1.9015696048736572 26.55
1.9212589263916016 26.63
1.9440646171569824 26.57
1.9665124416351318 26.72
1.9882245063781738 26.77
2.0094401836395264 26.71
2.0319931507110596 26.84
2.054586172103882 26.89
2.077934980392456 26.88
2.1005759239196777 26.97
2.123051404953003 27.01
2.145138740539551 27.04
2.167569398880005 27.1
2.1895666122436523 27.02
2.2109251022338867 27.16
2.2327044010162354 27.21
2.2556521892547607 27.17
2.278163194656372 27.28
2.30175518989563 27.33
2.323809862136841 27.34
2.3465065956115723 27.41
2.368818759918213 27.35
2.390791893005371 27.49
2.4137258529663086 27.54
2.436338424682617 27.5
2.459832191467285 27.62
2.4790966510772705 27.67
2.501814365386963 27.68
2.524355173110962 27.75
2.547255516052246 27.7
2.5701711177825928 27.84
2.5928730964660645 27.89
2.614605665206909 27.84
2.636707305908203 27.98
2.6596925258636475 28.03
2.681941270828247 28.03
2.7045252323150635 28.11
2.726288318634033 28.05
2.749091148376465 28.17
2.771879196166992 28.23
2.7937726974487305 28.18
2.816075325012207 28.31
2.838472366333008 28.36
2.8608529567718506 28.34
2.885169506072998 28.42
2.9044301509857178 28.35
2.9267377853393555 28.48
2.9496231079101562 28.52
2.9723970890045166 28.47
2.995068311691284 28.58
3.0176072120666504 28.62
3.039365530014038 28.61
3.0622010231018066 28.69
3.0846426486968994 28.61
3.106827735900879 28.75
3.1290459632873535 28.77
3.1516315937042236 28.72
3.1741087436676025 28.84
3.1959798336029053 28.88
3.218745470046997 28.87
3.241157054901123 28.93
3.2631077766418457 28.87
3.2853853702545166 28.98
3.3080787658691406 29.01
3.3294711112976074 28.96
3.3515377044677734 29.06
3.3744049072265625 29.09
3.398037910461426 29.09
3.420137643814087 29.16
3.4420151710510254 29.1
3.4646990299224854 29.21
3.487213134765625 29.24
3.509218215942383 29.19
3.53139591217041 29.3
3.554356098175049 29.34
3.5766022205352783 29.34
3.5989482402801514 29.4
3.620826244354248 29.33
3.6437442302703857 29.46
3.666060447692871 29.49
3.6878819465637207 29.45
3.710954427719116 29.54
3.732046365737915 29.57
3.754484176635742 29.58
3.7765464782714844 29.62
3.8004188537597656 29.55
3.8222885131835938 29.67
3.845292568206787 29.68
3.8660402297973633 29.63
3.888282299041748 29.7
3.910752534866333 29.62
3.9326329231262207 29.71
3.956376552581787 29.72
3.9792730808258057 29.62
4.001525640487671 29.71
4.023616790771484 29.69
4.0464301109313965 29.64
4.0685505867004395 29.67
4.0905702114105225 29.55
4.112973690032959 29.62
4.141172170639038 29.6
4.156861066818237 29.49
4.178526163101196 29.55
4.201330900192261 29.52
4.223914861679077 29.46
4.246862173080444 29.46
4.269140005111694 29.35
4.292314052581787 29.41
4.314229488372803 29.38
4.336505889892578 29.26
4.3594725131988525 29.31
4.381814956665039 29.27
4.404273509979248 29.21
4.426424980163574 29.2
4.448958158493042 29.08
4.470982789993286 29.13
4.493949890136719 29.1
4.5156378746032715 29.01
4.538437366485596 29.05
4.5608837604522705 29.01
4.585521459579468 28.96
4.604017019271851 28.95
4.626135349273682 28.83
4.648910760879517 28.89
4.6712658405303955 28.87
4.694963693618774 28.77
4.717339754104614 28.82
4.739393711090088 28.79
4.76209831237793 28.75
4.783865928649902 28.74
4.806818008422852 28.63
4.828962326049805 28.7
4.85152268409729 28.68
4.873795509338379 28.59
4.896451473236084 28.63
4.9184911251068115 28.6
4.940807104110718 28.58
4.961838960647583 28.58
4.9837095737457275 28.46
5.006717205047607 28.53
5.0295867919921875 28.52
5.052265644073486 28.43
5.0738232135772705 28.48
5.09600830078125 28.47
5.118406295776367 28.42
5.140838623046875 28.43
5.162492036819458 28.32
5.1854774951934814 28.39
5.207893133163452 28.38
5.231300592422485 28.28
5.253580570220947 28.35
5.275630950927734 28.34
5.298428058624268 28.31
5.320693731307983 28.34
5.343500375747681 28.26
5.3657708168029785 28.38
5.387879848480225 28.4
5.410600662231445 28.33
5.432774305343628 28.45
5.454070329666138 28.5
5.475916385650635 28.49
5.498815059661865 28.57
5.521307468414307 28.52
5.543280124664307 28.66
5.567025184631348 28.72
5.590066909790039 28.68
5.611889362335205 28.8
5.6336424350738525 28.88
5.656670808792114 28.89
5.678893089294434 28.98
5.701166868209839 28.93
5.723368167877197 29.08
5.745530366897583 29.13
5.768490314483643 29.11
5.790667772293091 29.25
5.813199043273926 29.3
5.835679292678833 29.32
5.857909917831421 29.42
5.87977409362793 29.36
5.904192686080933 29.5
5.926055192947388 29.56
5.945813179016113 29.53
5.967833757400513 29.64
5.9907546043396 29.7
6.013202428817749 29.73
6.036434650421143 29.78
6.058965444564819 29.72
6.081671237945557 29.85
6.104136228561401 29.89
6.125838994979858 29.88
6.148701906204224 29.98
6.169371128082275 29.91
6.1921868324279785 30.06
6.214484930038452 30.1
6.238087892532349 30.04
6.260480642318726 30.17
6.282391786575317 30.21
6.305233001708984 30.18
6.327533483505249 30.27
6.348721265792847 30.2
6.370398044586182 30.33
6.393272161483765 30.37
6.415991544723511 30.3
6.439851999282837 30.42
6.46194314956665 30.43
6.484215259552002 30.44
6.505995988845825 30.49
6.528233051300049 30.42
6.551235198974609 30.56
6.573458671569824 30.57
6.596240282058716 30.53
6.617919206619263 30.61
6.640679836273193 30.53
6.66258692741394 30.63
6.683761358261108 30.63
6.705851316452026 30.54
6.728266716003418 30.63
6.751109838485718 30.62
6.7732908725738525 30.57
6.796830892562866 30.59
6.819408416748047 30.49
6.842163801193237 30.55
6.863783836364746 30.52
6.886680603027344 30.44
6.909171104431152 30.47
6.9309093952178955 30.44
6.95376443862915 30.41
6.976283311843872 30.39
6.99841046333313 30.27
7.0202929973602295 30.33
7.0428080558776855 30.28
7.065609693527222 30.21
7.086200714111328 30.22
7.112792491912842 30.17
7.13143253326416 30.15
7.153335809707642 30.11
7.175564765930176 29.98
7.198488712310791 30.03
7.2215576171875 29.99
7.244542121887207 29.92
7.266391038894653 29.92
7.289445877075195 29.81
7.311760425567627 29.85
7.3337061405181885 29.81
7.356534242630005 29.7
7.379272222518921 29.76
7.401233911514282 29.72
7.422920227050781 29.67
7.445908069610596 29.67
7.468178987503052 29.56
7.490289211273193 29.62
7.513006210327148 29.58
7.535393476486206 29.49
7.557728052139282 29.54
7.579320192337036 29.52
7.600959777832031 29.48
7.623400449752808 29.49
7.645678281784058 29.38
7.668578386306763 29.46
7.691890716552734 29.44
7.714196681976318 29.34
7.736713647842407 29.41
7.758991956710815 29.4
7.781386137008667 29.36
7.803619146347046 29.37
7.825560808181763 29.26
7.848332405090332 29.34
7.870776891708374 29.34
7.893424987792969 29.26
7.915375471115112 29.32
7.938071012496948 29.32
7.9603540897369385 29.29
7.982222318649292 29.3
8.004860639572144 29.19
8.025914430618286 29.28
8.048254013061523 29.27
8.070303916931152 29.19
8.093552827835083 29.24
8.116916179656982 29.24
8.139020442962646 29.21
8.161535263061523 29.21
8.184134244918823 29.1
8.206402778625488 29.19
8.228067636489868 29.18
8.250536441802979 29.11
8.273475885391235 29.18
8.29566502571106 29.17
8.317884922027588 29.17
8.34053373336792 29.19
8.36290693283081 29.12
8.384969711303711 29.23
8.407124757766724 29.26
8.427819967269897 29.23
8.451820850372314 29.32
8.472870349884033 29.26
8.495282173156738 29.39
8.51787257194519 29.45
8.541568756103516 29.38
8.563988208770752 29.51
8.586595058441162 29.56
8.608821630477905 29.55
8.631311416625977 29.64
8.654090404510498 29.58
8.676002740859985 29.74
8.698486566543579 29.78
8.720184803009033 29.74
8.743184804916382 29.85
8.765292644500732 29.9
8.788133144378662 29.9
8.809879779815674 29.99
8.832507133483887 29.91
8.8534255027771 30.06
8.8752601146698 30.1
8.898352861404419 30.06
8.921016454696655 30.17
8.944544315338135 30.21
8.96630334854126 30.23
8.990762948989868 30.28
9.011013507843018 30.22
9.033180236816406 30.36
9.055113554000854 30.4
9.078679084777832 30.36
9.100991487503052 30.45
9.122698068618774 30.4
9.145786046981812 30.54
9.167870998382568 30.57
9.19042181968689 30.5
9.212298393249512 30.63
9.235149383544922 30.66
9.256190299987793 30.65
9.278170585632324 30.71
9.301069498062134 30.65
9.324683666229248 30.77
9.346956491470337 30.8
9.368820667266846 30.76
9.391744136810303 30.85
9.413993120193481 30.88
9.43668508529663 30.89
9.458346128463745 30.94
9.479542016983032 30.86
9.502174377441406 30.99
9.524113178253174 31.02
9.547474384307861 30.99
9.570818662643433 31.06
9.592919111251831 31.0
9.615148544311523 31.12
9.637763738632202 31.14
9.65981936454773 31.08
9.680934190750122 31.19
9.703106164932251 31.22
9.726297378540039 31.21
9.749342203140259 31.27
9.771563053131104 31.19
9.794186115264893 31.32
9.816668033599854 31.35
9.839086771011353 31.3
9.861000537872314 31.39
9.883804321289062 31.31
9.905621528625488 31.42
9.927916526794434 31.45
9.951099157333374 31.38
9.970929622650146 31.49
9.995278120040894 31.5
10.015949249267578 31.49
10.041874885559082 31.53
10.06104063987732 31.47
10.082940340042114 31.57
10.106148481369019 31.59
10.127650260925293 31.55
10.150338411331177 31.63
10.174129247665405 31.55
10.197047233581543 31.66
10.219285488128662 31.68
10.241828680038452 31.6
10.262978076934814 31.71
10.28531527519226 31.73
10.307949781417847 31.71
10.331328392028809 31.76
10.353427410125732 31.69
10.375419855117798 31.78
10.398226737976074 31.81
10.419991493225098 31.75
10.442883253097534 31.83
10.46536898612976 31.75
10.49152135848999 31.86
10.508305549621582 31.88
10.5305814743042 31.8
10.553213357925415 31.9
10.575172185897827 31.92
10.599680662155151 31.9
10.621960163116455 31.95
10.644074201583862 31.85
10.66610860824585 31.96
10.688894033432007 31.97
10.711436033248901 31.91
10.733680963516235 31.96
10.756021499633789 31.88
10.778701782226562 31.97
10.800708293914795 31.97
10.822625398635864 31.87
10.845530271530151 31.96
10.867946863174438 31.94
10.890278816223145 31.91
10.912051439285278 31.93
10.933848857879639 31.83
10.956647872924805 31.91
10.979633092880249 31.88
11.002164840698242 31.8
11.024371862411499 31.84
11.046894311904907 31.75
11.06861925125122 31.8
11.09168267250061 31.77
11.114320278167725 31.66
11.135035037994385 31.73
11.156538963317871 31.69
11.182876825332642 31.64
11.203126907348633 31.63
11.225264072418213 31.51
11.24670147895813 31.56
11.26957893371582 31.52
11.291784524917603 31.44
11.314758062362671 31.46
11.336505651473999 31.43
11.358278512954712 31.39
11.381875038146973 31.37
11.404404401779175 31.24
11.427192211151123 31.3
11.449612140655518 31.26
11.471237421035767 31.2
11.494269132614136 31.2
11.516048669815063 31.1
11.5388822555542 31.15
11.560971975326538 31.12
11.583824634552002 31.03
11.605995416641235 31.07
11.628363370895386 31.04
11.650710582733154 30.99
11.672670602798462 30.98
11.695614099502563 30.87
11.717906713485718 30.92
11.739222049713135 30.91
11.761879205703735 30.83
11.784675359725952 30.86
11.807175636291504 30.76
11.829320669174194 30.82
11.852142333984375 30.8
11.873912572860718 30.69
11.89676284790039 30.77
11.919287204742432 30.74
11.94152045249939 30.68
11.9632887840271 30.68
11.98615574836731 30.55
12.008605003356934 30.59
12.030863285064697 30.52
12.053161382675171 30.39
12.075949907302856 30.38
12.098037242889404 30.28
12.119888067245483 30.2
12.14492130279541 30.11
12.163848400115967 29.96
12.186068058013916 29.94
12.208079814910889 29.83
12.231636047363281 29.68
12.25468921661377 29.62
12.27705979347229 29.51
12.299530029296875 29.43
12.321504354476929 29.31
12.344255924224854 29.14
12.366374254226685 29.12
12.388996839523315 28.99
12.41124939918518 28.86
12.433784246444702 28.81
12.455790758132935 28.7
12.477855443954468 28.63
12.500775814056396 28.53
12.522462129592896 28.38
12.545454502105713 28.37
12.567201137542725 28.27
12.588739395141602 28.15
12.610610485076904 28.12
12.632897138595581 28.03
12.656845092773438 27.95
12.679878234863281 27.88
12.70189356803894 27.73
12.72439193725586 27.75
12.746722221374512 27.68
12.768555402755737 27.57
12.791213989257812 27.56
12.81381893157959 27.49
12.836283445358276 27.43
12.858001232147217 27.39
12.880891561508179 27.25
12.903321266174316 27.27
12.925568580627441 27.21
12.947688817977905 27.09
12.970417737960815 27.12
12.992540121078491 27.08
13.013270378112793 26.99
13.036043882369995 26.99
13.058557271957397 26.86
13.0819571018219 26.89
13.104102373123169 26.85
13.12698221206665 26.73
13.149487733840942 26.77
13.171081781387329 26.73
13.193579912185669 26.63
13.216496229171753 26.65
13.238614320755005 26.61
13.26050877571106 26.57
13.282993793487549 26.54
13.305047750473022 26.43
13.32822036743164 26.49
13.350080490112305 26.45
13.372856378555298 26.35
13.395221948623657 26.39
13.419294357299805 26.34
13.440774202346802 26.3
13.460370063781738 26.29
13.482864379882812 26.19
13.505165100097656 26.25
13.52795124053955 26.22
13.550885677337646 26.11
13.57395052909851 26.18
13.596647262573242 26.15
13.618825674057007 26.07
13.641399621963501 26.11
13.663470268249512 26.07
13.686081409454346 26.03
13.708214521408081 26.02
13.730853080749512 25.92
13.752685785293579 25.98
13.775550365447998 25.95
13.797813177108765 25.86
13.819620847702026 25.92
13.842087984085083 25.9
13.864460229873657 25.84
13.886581897735596 25.86
13.908169031143188 25.75
13.93118929862976 25.82
13.95449185371399 25.81
13.977280378341675 25.7
13.998569965362549 25.77
14.021602153778076 25.75
14.043905019760132 25.67
14.067790031433105 25.72
14.08864164352417 25.69
14.111159086227417 25.66
14.133350372314453 25.67
14.155146598815918 25.57
14.177943229675293 25.64
14.199994564056396 25.63
14.22250509262085 25.52
14.244964599609375 25.61
14.269047737121582 25.59
14.28859829902649 25.52
14.310503482818604 25.58
14.333630561828613 25.55
14.35660982131958 25.53
14.379538297653198 25.54
14.401704549789429 25.45
14.423940420150757 25.53
14.44660496711731 25.52
14.468782663345337 25.43
14.49076795578003 25.51
14.513452768325806 25.51
14.535959243774414 25.46
14.558736801147461 25.5
14.57938838005066 25.41
14.601786136627197 25.49
14.624718189239502 25.5
14.64759612083435 25.4
14.669756889343262 25.49
14.691563844680786 25.5
14.71288514137268 25.42
14.735907316207886 25.51
14.75891637802124 25.49
14.781856298446655 25.46
14.80386471748352 25.51
14.826832056045532 25.42
14.848986625671387 25.51
14.871071100234985 25.52
14.894437074661255 25.44
14.916150331497192 25.53
14.93846607208252 25.53
14.96024203300476 25.49
14.98317003250122 25.54
15.005296468734741 25.56
15.02821946144104 25.55
15.050197839736938 25.58
15.072554111480713 25.5
15.094960451126099 25.59
15.116687774658203 25.62
15.139324188232422 25.54
15.161840915679932 25.64
15.185644149780273 25.66
15.205679178237915 25.62
15.228529214859009 25.68
15.251447200775146 25.6
15.273464679718018 25.7
15.296357154846191 25.72
15.318542718887329 25.65
15.341031789779663 25.75
15.36284065246582 25.78
15.385832071304321 25.72
15.408371448516846 25.81
15.43062424659729 25.82
15.452422380447388 25.81
15.4753098487854 25.85
15.497654914855957 25.77
15.519543170928955 25.89
15.542341232299805 25.9
15.564673662185669 25.82
15.586315393447876 25.93
15.608195066452026 25.94
15.63081979751587 25.91
15.65394639968872 25.95
15.676445245742798 25.98
15.698675632476807 25.98
15.721309185028076 25.99
15.743765115737915 25.92
15.765466213226318 26.01
15.788228511810303 26.02
15.810749292373657 25.96
15.832640171051025 26.04
15.855051755905151 26.06
15.877763032913208 26.04
15.900309801101685 26.09
15.922551155090332 26.0
15.944425582885742 26.09
15.967281818389893 26.12
15.991302967071533 26.03
16.01033091545105 26.13
16.032543659210205 26.14
16.055241107940674 26.09
16.07824969291687 26.17
16.10119080543518 26.18
16.123966455459595 26.17
16.14494824409485 26.2
16.16669011116028 26.11
16.18929672241211 26.21
16.212246417999268 26.22
16.23532247543335 26.16
16.257521390914917 26.23
16.278615951538086 26.25
16.301191329956055 26.22
16.32369875907898 26.25
16.346502780914307 26.19
16.36983633041382 26.27
16.392107725143433 26.28
16.41692543029785 26.2
16.435843229293823 26.3
16.458542585372925 26.31
16.481732845306396 26.26
16.503784656524658 26.3
16.526469945907593 26.32
16.54881501197815 26.31
16.570929527282715 26.33
16.593003034591675 26.25
16.615872859954834 26.33
16.639038801193237 26.35
16.66031312942505 26.28
16.68252182006836 26.35
16.703912019729614 26.36
16.72618579864502 26.33
16.7481689453125 26.37
16.77136492729187 26.28
16.79495668411255 26.38
16.816781044006348 26.38
16.83899974822998 26.29
16.862666368484497 26.39
16.883280038833618 26.38
16.904716968536377 26.35
16.92749571800232 26.41
16.949801921844482 26.4
16.97303009033203 26.4
16.99572443962097 26.42
17.01849603652954 26.32
17.0407772064209 26.42
17.06248188018799 26.43
17.085628747940063 26.36
17.10745906829834 26.43
17.13032054901123 26.44
17.152334690093994 26.41
17.174975872039795 26.44
17.197351932525635 26.35
17.220067262649536 26.45
17.242137670516968 26.45
17.264020204544067 26.35
17.286884546279907 26.45
17.31047034263611 26.46
17.32956624031067 26.41
17.35173797607422 26.46
17.375052213668823 26.46
17.396554708480835 26.46
17.424693822860718 26.47
17.44163417816162 26.37
17.46358323097229 26.47
17.489689111709595 26.48
17.509742498397827 26.4
17.532185316085815 26.47
17.55471968650818 26.47
17.577568769454956 26.43
17.60003352165222 26.48
17.622461795806885 26.38
17.64422059059143 26.47
17.666683197021484 26.47
17.68954586982727 26.38
17.71126675605774 26.47
17.73340344429016 26.48
17.755866289138794 26.43
17.77842092514038 26.47
17.803202152252197 26.47
17.82264542579651 26.47
17.84490728378296 26.48
17.867266178131104 26.38
17.889657497406006 26.48
17.91227412223816 26.48
17.935505867004395 26.42
17.95734930038452 26.48
17.97854471206665 26.48
18.001118421554565 26.46
18.023722410202026 26.47
18.046276330947876 26.38
18.071130514144897 26.48
18.092117071151733 26.49
18.114062786102295 26.39
18.135168313980103 26.48
18.157695770263672 26.48
18.179901838302612 26.44
18.202544927597046 26.48
18.226534605026245 26.38
18.248679161071777 26.47
18.27104115486145 26.48
18.292876482009888 26.38
18.315881729125977 26.48
18.337621688842773 26.48
18.359999179840088 26.4
18.382683753967285 26.47
18.40480136871338 26.47
18.42674231529236 26.45
18.44872236251831 26.46
18.471556186676025 26.38
18.494381189346313 26.47
18.51714062690735 26.47
18.541000604629517 26.39
18.560048580169678 26.47
18.58242964744568 26.46
18.604722261428833 26.43
18.628430128097534 26.46
18.65119242668152 26.36
18.67379903793335 26.45
18.6958646774292 26.46
18.718409538269043 26.37
18.740187644958496 26.46
18.762497186660767 26.46
18.784991025924683 26.4
18.80781841278076 26.46
18.83064842224121 26.46
18.851888179779053 26.44
18.87497091293335 26.47
18.897359609603882 26.36
18.920077800750732 26.46
18.941527843475342 26.45
18.96401596069336 26.37
18.986737966537476 26.45
19.012094497680664 26.46
19.03051233291626 26.42
19.052209854125977 26.46
19.0743305683136 26.36
19.096760511398315 26.46
19.119704008102417 26.45
19.142653942108154 26.37
19.165313482284546 26.47
19.187597274780273 26.46
19.210155487060547 26.41
19.232749462127686 26.47
19.255295276641846 26.47
19.277616262435913 26.45
19.300151586532593 26.48
19.322452068328857 26.38
19.34401774406433 26.48
19.366981506347656 26.48
19.38926601409912 26.41
19.411088943481445 26.47
19.435707569122314 26.48
19.45485520362854 26.44
19.477450132369995 26.49
19.499632358551025 26.39
19.52276873588562 26.49
19.546043634414673 26.49
19.568077087402344 26.4
19.590550422668457 26.49
19.6130268573761 26.49
19.635398387908936 26.43
19.657066106796265 26.48
19.67876958847046 26.49
19.700260639190674 26.48
19.722689628601074 26.48
19.74598789215088 26.4
19.767419576644897 26.5
19.793540239334106 26.49
19.813860177993774 26.41
19.83443284034729 26.49
19.858956336975098 26.49
19.87926721572876 26.46
19.90601921081543 26.49
19.924561500549316 26.4
19.946499824523926 26.5
19.975030422210693 26.49
19.991193056106567 26.4
20.01325559616089 26.49
20.036312341690063 26.49
20.05832290649414 26.45
20.08155846595764 26.5
20.103082180023193 26.5
20.127422332763672 26.48
20.14933443069458 26.51
20.171680450439453 26.41
20.194420099258423 26.5
20.216663360595703 26.5
20.23887348175049 26.43
20.261811017990112 26.5
20.28282928466797 26.5
20.304746866226196 26.47
20.327441215515137 26.5
20.350542068481445 26.42
20.373249530792236 26.5
20.395657300949097 26.5
20.41760492324829 26.42
20.439605474472046 26.51
20.461723566055298 26.5
20.485041856765747 26.46
20.507880687713623 26.5
20.529749155044556 26.51
20.551974773406982 26.5
20.575056791305542 26.5
20.597213983535767 26.42
20.61998748779297 26.51
20.641884565353394 26.52
20.663835287094116 26.45
20.68634033203125 26.51
20.708649396896362 26.51
20.729812145233154 26.49
20.752240419387817 26.51
20.77446937561035 26.44
20.797035455703735 26.51
20.820143461227417 26.52
20.843373775482178 26.44
20.865713596343994 26.52
20.88779306411743 26.52
20.910435438156128 26.47
20.93269920349121 26.52
20.954682111740112 26.44
20.977444410324097 26.52
20.999836206436157 26.52
21.022427558898926 26.43
21.044443607330322 26.52
21.066960334777832 26.53
21.089414358139038 26.46
21.111334800720215 26.52
21.13349986076355 26.52
21.15419030189514 26.5
21.177302360534668 26.51
21.198974132537842 26.43
21.222082376480103 26.51
21.24454665184021 26.52
21.268329858779907 26.44
21.28832507133484 26.51
21.311516761779785 26.51
21.33384370803833 26.48
21.35601258277893 26.51
21.379775524139404 26.41
21.40254521369934 26.51
21.424404621124268 26.51
21.44554901123047 26.41
21.468095541000366 26.5
21.490450620651245 26.5
21.512901067733765 26.44
21.535117864608765 26.49
21.560213327407837 26.5
21.58063316345215 26.49
21.602793216705322 26.51
21.626187801361084 26.4
21.64871883392334 26.5
21.670881986618042 26.49
21.692571878433228 26.41
21.7154757976532 26.49
21.73762345314026 26.49
21.76052212715149 26.46
21.782182693481445 26.5
21.80494451522827 26.39
21.827444314956665 26.49
21.84919309616089 26.49
21.8721284866333 26.4
21.894001722335815 26.48
21.917093515396118 26.5
21.939048528671265 26.44
21.959895372390747 26.5
21.982550382614136 26.49
22.004308462142944 26.5
22.027480602264404 26.5
22.05048131942749 26.42
22.07340121269226 26.51
22.095252990722656 26.51
22.11816644668579 26.45
22.140724182128906 26.51
22.16303324699402 26.51
22.184689044952393 26.5
22.20745277404785 26.52
22.22995400428772 26.43
22.25176978111267 26.52
22.27456784248352 26.53
22.297107696533203 26.43
22.319465398788452 26.53
22.341248989105225 26.52
22.367828607559204 26.48
22.38516616821289 26.53
22.407531261444092 26.53
22.429942846298218 26.53
22.452577829360962 26.54
22.476099491119385 26.45
22.49778461456299 26.54
22.52077841758728 26.54
22.543126821517944 26.47
22.565768241882324 26.54
22.586490869522095 26.54
22.609105348587036 26.52
22.632057428359985 26.54
22.654478788375854 26.46
22.67723798751831 26.54
22.699754238128662 26.55
22.721786737442017 26.46
22.743971347808838 26.54
22.767107248306274 26.55
22.789284229278564 26.51
22.81129288673401 26.54
22.835073471069336 26.55
22.85579752922058 26.55
22.87703585624695 26.55
22.89910078048706 26.46
22.922149419784546 26.55
22.94574785232544 26.55
22.968142986297607 26.49
22.990249156951904 26.55
23.01241445541382 26.54
23.03511881828308 26.53
23.056995630264282 26.55
23.079838514328003 26.47
23.102195739746094 26.56
23.12431573867798 26.55
23.146564722061157 26.47
23.169438123703003 26.55
23.19178605079651 26.54
23.214062452316284 26.51
23.236501216888428 26.55
23.258972644805908 26.47
23.281173706054688 26.56
23.304075479507446 26.55
23.325418710708618 26.46
23.346900701522827 26.55
23.36912751197815 26.55
23.39145588874817 26.48
23.414165496826172 26.55
23.43722414970398 26.54
23.46019458770752 26.53
23.482182025909424 26.54
23.504804134368896 26.46
23.52688980102539 26.54
23.549091577529907 26.54
23.572051286697388 26.47
23.594303131103516 26.54
23.616819381713867 26.55
23.638779878616333 26.51
23.661553382873535 26.55
23.683281898498535 26.45
23.705634593963623 26.54
23.72814702987671 26.54
23.74945569038391 26.45
23.771901607513428 26.54
23.793970584869385 26.54
23.8179132938385 26.49
23.839993000030518 26.54
23.863226413726807 26.54
23.884639739990234 26.53
23.907482624053955 26.54
23.92977023124695 26.45
23.951591968536377 26.54
23.974507331848145 26.54
23.99675178527832 26.47
24.019452810287476 26.54
24.041326999664307 26.54
24.064080476760864 26.51
24.086407899856567 26.54
24.108649253845215 26.44
24.131031036376953 26.53
24.15251588821411 26.54
24.174520254135132 26.44
24.196746826171875 26.54
24.21957492828369 26.55
24.242586851119995 26.5
24.265450477600098 26.55
24.28769278526306 26.54
24.31205439567566 26.54
24.33238649368286 26.56
24.354299068450928 26.47
24.376777410507202 26.56
24.399632692337036 26.56
24.421370029449463 26.51
24.442967414855957 26.57
24.46621346473694 26.57
24.489038467407227 26.55
24.511223077774048 26.57
24.5336434841156 26.47
24.555092096328735 26.56
24.577258110046387 26.56
24.59974193572998 26.49
24.623170137405396 26.57
24.645533084869385 26.56
24.66796326637268 26.52
24.689879417419434 26.57
24.712159395217896 26.47
24.734943628311157 26.56
24.757062911987305 26.55
24.77982997894287 26.46
24.80210828781128 26.55
24.824524402618408 26.55
24.846149921417236 26.49
24.868709087371826 26.55
24.891497373580933 26.54
24.913935661315918 26.52
24.936118841171265 26.54
24.9627628326416 26.45
24.980137586593628 26.53
25.00124192237854 26.54
25.024127960205078 26.45
25.04690456390381 26.53
25.069756507873535 26.52
25.092299461364746 26.48
25.11532497406006 26.53
25.137072563171387 26.43
25.159756422042847 26.52
25.18174648284912 26.52
25.204631090164185 26.43
25.226989030838013 26.52
25.248912811279297 26.51
25.271610498428345 26.45
25.294166564941406 26.51
25.316500425338745 26.51
25.33832573890686 26.5
25.361160039901733 26.51
25.383867263793945 26.43
25.40676236152649 26.52
25.42680072784424 26.51
25.449438333511353 26.44
25.472108364105225 26.51
25.494285106658936 26.51
25.51776361465454 26.47
25.53993034362793 26.52
25.56138825416565 26.43
25.58308172225952 26.5
25.605892658233643 26.51
25.628471851348877 26.42
25.651136875152588 26.52
25.674124002456665 26.51
25.69618272781372 26.45
25.7192702293396 26.51
25.741043090820312 26.52
25.763893365859985 26.51
25.786084413528442 26.53
25.80939745903015 26.44
25.82924485206604 26.54
25.851999044418335 26.54
25.875092029571533 26.46
25.89762830734253 26.56
25.92036247253418 26.56
25.942924737930298 26.53
25.96528148651123 26.57
25.98694133758545 26.49
26.009753465652466 26.58
26.032398223876953 26.59
26.054043292999268 26.5
26.07664728164673 26.61
26.09946918487549 26.61
26.121676921844482 26.55
26.143451929092407 26.62
26.165897130966187 26.63
26.18804168701172 26.62
26.211162090301514 26.64
26.23288893699646 26.55
26.254401445388794 26.65
26.276833057403564 26.65
26.29874014854431 26.58
26.322206497192383 26.66
26.345488786697388 26.66
26.367733478546143 26.64
26.389524698257446 26.68
26.412126541137695 26.58
26.43484616279602 26.69
26.456974983215332 26.68
26.47954773902893 26.6
26.502002000808716 26.7
26.5242280960083 26.7
26.545979499816895 26.65
26.569040775299072 26.71
26.59139084815979 26.61
26.613828897476196 26.72
26.635937213897705 26.71
26.661627531051636 26.63
26.679162740707397 26.73
26.701002836227417 26.73
26.72341251373291 26.66
26.74612808227539 26.73
26.76871085166931 26.74
26.791271448135376 26.72
26.814711809158325 26.74
26.83752751350403 26.64
26.86009192466736 26.74
26.882167100906372 26.75
26.904637336730957 26.66
26.9269118309021 26.75
26.948720932006836 26.75
26.971104383468628 26.71
26.994148015975952 26.75
27.01637601852417 26.65
27.038325309753418 26.75
27.061159133911133 26.74
27.083556652069092 26.64
27.105727195739746 26.74
27.128085613250732 26.73
27.15152144432068 26.66
27.174367666244507 26.72
27.194037437438965 26.72
27.216315746307373 26.7
27.239616870880127 26.72
27.262096881866455 26.61
27.284603357315063 26.71
27.307128190994263 26.69
27.328895568847656 26.63
27.351178884506226 26.68
27.37407946586609 26.7
27.396585702896118 26.66
27.4176082611084 26.67
27.439878463745117 26.58
27.46255850791931 26.67
27.485979557037354 26.67
27.508517026901245 26.57
27.530237674713135 26.66
27.553146362304688 26.66
27.575481176376343 26.61
27.603006839752197 26.66
27.618509769439697 26.66
27.64110803604126 26.64
27.663439989089966 26.66
27.685456037521362 26.55
27.709179878234863 26.65
27.73197889328003 26.65
27.754241704940796 26.56
27.776591539382935 26.64
27.798941135406494 26.64
27.82151174545288 26.6
27.843215465545654 26.64
27.866194248199463 26.54
27.88852095603943 26.63
27.91101574897766 26.64
27.93320083618164 26.55
27.955827236175537 26.63
27.978129863739014 26.63
27.99985122680664 26.57
28.0254328250885 26.63
28.045299291610718 26.63
28.067285299301147 26.62
28.089290857315063 26.62
28.112200260162354 26.53
28.13471269607544 26.61
28.157227039337158 26.61
28.17942714691162 26.54
28.201783418655396 26.61
28.224106073379517 26.61
28.24596643447876 26.58
28.268352508544922 26.61
28.291147708892822 26.52
28.31370735168457 26.61
28.335716009140015 26.6
28.35842490196228 26.51
28.380561113357544 26.61
28.403058290481567 26.61
28.425455570220947 26.56
28.446704149246216 26.6
28.469093799591064 26.5
28.49147057533264 26.6
28.51442575454712 26.6
28.53726840019226 26.5
28.55912685394287 26.59
28.581806421279907 26.6
28.60435438156128 26.53
28.626773357391357 26.59
28.64851474761963 26.59
28.67093586921692 26.57
28.693701028823853 26.59
28.71562147140503 26.5
28.73819589614868 26.58
28.76269555091858 26.58
28.78319525718689 26.5
28.805354118347168 26.58
28.827722549438477 26.59
28.852025985717773 26.54
28.87102246284485 26.58
28.893184185028076 26.49
28.916300535202026 26.58
28.939568996429443 26.58
28.96218466758728 26.49
28.98403024673462 26.58
29.00639533996582 26.57
29.02840805053711 26.51
29.050511598587036 26.58
29.07377338409424 26.58
29.096410036087036 26.56
29.118945837020874 26.58
29.140520095825195 26.49
29.16339111328125 26.59
29.18578553199768 26.61
29.20833706855774 26.54
29.229976177215576 26.65
29.253096342086792 26.65
29.278626918792725 26.65
29.29692769050598 26.73
29.318366289138794 26.64
29.34088134765625 26.79
29.36373805999756 26.83
29.386897087097168 26.77
29.40968680381775 26.9
29.43151569366455 26.95
29.452303409576416 26.95
29.47466254234314 27.05
29.497539043426514 27.0
29.520137071609497 27.14
29.54321575164795 27.2
29.566078186035156 27.16
29.58845353126526 27.3
29.6107656955719 27.35
29.6325843334198 27.34
29.655481576919556 27.46
29.677295446395874 27.53
29.700557231903076 27.56
29.721086502075195 27.62
29.74364972114563 27.57
29.76617407798767 27.71
29.78915524482727 27.79
29.812134504318237 27.75
29.833866834640503 27.86
29.85694146156311 27.93
29.878554344177246 27.95
29.90150475502014 28.01
29.923777103424072 27.96
29.945531606674194 28.12
29.96662163734436 28.16
29.991342782974243 28.12
